--stream .\stream-histogram-greedy-optimal-fine-to-coarse-miranda-viscosity.txt
--subsampling-factor 4
--dataset C:\Users\pavol\OneDrive\resolution-precision-test-data\miranda-viscosity-384x384-float64.json
--quantity histogram
--histogram-dist emd
--num-bins 256
--transform cdf53
--nlevels 3
--bits-quantize 16
--group-size 16 16 1

Bytes Errors 2448
0.00694444 16.5484
0.0138889 13.7626
0.0208333 9.57297
0.0277778 7.73921
0.0347222 6.48826
0.0416667 5.39255
0.0486111 4.88637
0.0555556 3.51288
0.0625 1.44202
0.0694444 1.49799
0.0763889 1.58983
0.0833333 1.21168
0.0902778 0.996229
0.0972222 0.923455
0.104167 0.871358
0.111111 0.857578
0.118056 0.807997
0.125 0.830892
0.131944 0.860575
0.138889 0.992222
0.145833 0.778239
0.152778 0.896627
0.159722 0.839701
0.166667 0.798408
0.173611 0.764513
0.180556 0.73464
0.1875 0.682963
0.194444 0.671495
0.201389 0.637085
0.208333 0.591071
0.215278 0.558973
0.222222 0.583727
0.229167 0.526944
0.236111 0.485562
0.243056 0.475226
0.25 0.451219
0.256944 0.416178
0.263889 0.418599
0.270833 0.450148
0.277778 0.401455
0.284722 0.377869
0.291667 0.36693
0.298611 0.358819
0.305556 0.36145
0.3125 0.355001
0.319444 0.36008
0.326389 0.331787
0.333333 0.331529
0.340278 0.329942
0.347222 0.318644
0.354167 0.311259
0.361111 0.310303
0.368056 0.334235
0.375 0.326822
0.381944 0.316413
0.388889 0.311699
0.395833 0.308492
0.402778 0.301771
0.409722 0.298523
0.416667 0.285387
0.423611 0.281386
0.430556 0.281386
0.4375 0.278185
0.444444 0.273919
0.451389 0.264879
0.458333 0.263305
0.465278 0.262126
0.472222 0.254415
0.479167 0.254415
0.486111 0.247457
0.493056 0.247457
0.5 0.241075
0.506944 0.23348
0.513889 0.236688
0.520833 0.231533
0.527778 0.22939
0.534722 0.220906
0.541667 0.218763
0.548611 0.217136
0.555556 0.216024
0.5625 0.215339
0.569444 0.213901
0.576389 0.211283
0.583333 0.207248
0.590278 0.206048
0.597222 0.203606
0.604167 0.203606
0.611111 0.199537
0.618056 0.198547
0.625 0.199788
0.631944 0.192864
0.638889 0.187554
0.645833 0.187405
0.652778 0.18573
0.659722 0.181579
0.666667 0.179199
0.673611 0.178819
0.680556 0.174099
0.6875 0.170783
0.694444 0.165676
0.701389 0.16253
0.708333 0.15943
0.715278 0.157281
0.722222 0.157464
0.729167 0.154358
0.736111 0.154175
0.743056 0.152567
0.75 0.150065
0.756944 0.146905
0.763889 0.146233
0.770833 0.142632
0.777778 0.140482
0.784722 0.135912
0.791667 0.139255
0.798611 0.138428
0.805556 0.137926
0.8125 0.132053
0.819444 0.130168
0.826389 0.130425
0.833333 0.125183
0.840278 0.121657
0.847222 0.121657
0.854167 0.117852
0.861111 0.11516
0.868056 0.11516
0.875 0.110121
0.881944 0.11046
0.888889 0.10753
0.895833 0.107076
0.902778 0.104926
0.909722 0.104255
0.916667 0.103183
0.923611 0.0993313
0.930556 0.0984904
0.9375 0.0984904
0.944444 0.0940008
0.951389 0.0929972
0.958333 0.091417
0.965278 0.091417
0.972222 0.0882432
0.979167 0.0875176
0.986111 0.0871378
0.993056 0.0838555
1 0.0777316
1.00694 0.0760904
1.01389 0.0795965
1.02083 0.0804103
1.02778 0.0767821
1.03472 0.075609
1.04167 0.0746392
1.04861 0.0728488
1.05556 0.0726454
1.0625 0.0718112
1.06944 0.0699531
1.07639 0.0693223
1.08333 0.0664672
1.09028 0.0653346
1.09722 0.0679727
1.10417 0.0668469
1.11111 0.0672471
1.11806 0.0667384
1.125 0.0667384
1.13194 0.0671318
1.13889 0.0682033
1.14583 0.0677829
1.15278 0.0677829
1.15972 0.0676811
1.16667 0.0678303
1.17361 0.0675252
1.18056 0.0675252
1.1875 0.0670098
1.19444 0.0670098
1.20139 0.066786
1.20833 0.066786
1.21528 0.0667859
1.22222 0.0667724
1.22917 0.067125
1.23611 0.0679118
1.24306 0.0680134
1.25 0.0680134
1.25694 0.0649413
1.26389 0.0644192
1.27083 0.0653075
1.27778 0.0651855
1.28472 0.0647243
1.29167 0.0641479
1.29861 0.0627713
1.30556 0.0625881
1.3125 0.0611233
1.31944 0.0606282
1.32639 0.0606282
1.33333 0.0570068
1.34028 0.0584988
1.34722 0.0569661
1.35417 0.0553386
1.36111 0.0549587
1.36806 0.0527818
1.375 0.0527818
1.38194 0.0525784
1.38889 0.0525784
1.39583 0.0497504
1.40278 0.0488959
1.40972 0.0488688
1.41667 0.0488688
1.42361 0.0493639
1.43056 0.0493164
1.4375 0.0492689
1.44444 0.0492689
1.45139 0.0494317
1.45833 0.0492893
1.46528 0.0491333
1.47222 0.0487739
1.47917 0.0488484
1.48611 0.0488417
1.49306 0.0487467
1.5 0.0487264
1.50694 0.0493503
1.51389 0.0485975
1.52083 0.0485975
1.52778 0.0486586
1.53472 0.0486586
1.54167 0.0482652
1.54861 0.048272
1.55556 0.0482856
1.5625 0.0480347
1.56944 0.0480347
1.57639 0.0480075
1.58333 0.0480075
1.59028 0.0480075
1.59722 0.0476142
1.60417 0.0476142
1.61111 0.0469971
1.61806 0.0469157
1.625 0.0466986
1.63194 0.0466986
1.63889 0.0464274
1.64583 0.0464274
1.65278 0.0464952
1.65972 0.0464952
1.66667 0.0465766
1.67361 0.0460272
1.68056 0.0465155
1.6875 0.0467122
1.69444 0.0465698
1.70139 0.0464477
1.70833 0.0464477
1.71528 0.0465969
1.72222 0.0465969
1.72917 0.046502
1.73611 0.046502
1.74306 0.0464409
1.75 0.046441
1.75694 0.046441
1.76389 0.0460341
1.77083 0.0460341
1.77778 0.0462511
1.78472 0.0464477
1.79167 0.0458916
1.79861 0.0458916
1.80556 0.0453559
1.8125 0.0451321
1.81944 0.04501
1.82639 0.04501
1.83333 0.0450304
1.84028 0.0451388
1.84722 0.0451388
1.85417 0.0451185
1.86111 0.0452135
1.86806 0.0450507
1.875 0.0449626
1.88194 0.0450304
1.88889 0.0447998
1.89583 0.0450372
1.90278 0.0450711
1.90972 0.0450711
1.91667 0.0450846
1.92361 0.0453898
1.93056 0.0454033
1.9375 0.0455594
1.94444 0.0456068
1.95139 0.0455662
1.95833 0.0459662
1.96528 0.0460883
1.97222 0.044142
1.97917 0.0432264
1.98611 0.0430298
1.99306 0.04324
2 0.0429348
2.00694 0.0429348
2.01389 0.0432332
2.02083 0.042494
2.02778 0.0414361
2.03472 0.0406833
2.04167 0.0407918
2.04861 0.0407918
2.05556 0.0408461
2.0625 0.0409275
2.06944 0.0408257
2.07639 0.0407986
2.08333 0.0409953
2.09028 0.0410156
2.09722 0.0415107
2.10417 0.040195
2.11111 0.0403442
2.11806 0.0402629
2.125 0.0402629
2.13194 0.0403985
2.13889 0.0403985
2.14583 0.0402018
2.15278 0.0402018
2.15972 0.0403306
2.16667 0.0404052
2.17361 0.0403578
2.18056 0.0402832
2.1875 0.0401136
2.19444 0.0402696
2.20139 0.040195
2.20833 0.0401543
2.21528 0.0402018
2.22222 0.0402018
2.22917 0.0400322
2.23611 0.0400051
2.24306 0.0399983
2.25 0.0399034
2.25694 0.0398356
2.26389 0.0398356
2.27083 0.0398695
2.27778 0.0398695
2.28472 0.0397949
2.29167 0.0399034
2.29861 0.0406155
2.30556 0.0404188
2.3125 0.0402832
2.31944 0.0402832
2.32639 0.0402289
2.33333 0.0402289
2.34028 0.040229
2.34722 0.041063
2.35417 0.0411716
2.36111 0.04128
2.36806 0.0414428
2.375 0.0414428
2.38194 0.0417276
2.38889 0.0419312
2.39583 0.0419312
2.40278 0.0411241
2.40972 0.0410631
2.41667 0.037618
2.42361 0.0377671
2.43056 0.0377739
2.4375 0.0358818
2.44444 0.0365396
2.45139 0.0365396
2.45833 0.0364718
2.46528 0.0364718
2.47222 0.0363904
2.47917 0.0363904
2.48611 0.0362548
2.49306 0.0362548
2.5 0.0360988
2.50694 0.0360988
2.51389 0.035875
2.52083 0.035875
2.52778 0.0361599
2.53472 0.0358073
2.54167 0.0351562
2.54861 0.0351427
2.55556 0.0351019
2.5625 0.0351019
2.56944 0.0351562
2.57639 0.0347968
2.58333 0.0338066
2.59028 0.0338066
2.59722 0.0339355
2.60417 0.0343627
2.61111 0.0343627
2.61806 0.0345187
2.625 0.0346002
2.63194 0.0346748
2.63889 0.0346748
2.64583 0.034573
2.65278 0.0342135
2.65972 0.0342881
2.66667 0.0342881
2.67361 0.0340033
2.68056 0.0331013
2.6875 0.0325927
2.69444 0.0307752
2.70139 0.0304362
2.70833 0.0305718
2.71528 0.0305243
2.72222 0.0305922
2.72917 0.0306803
2.73611 0.0306803
2.74306 0.0308227
2.75 0.0308227
2.75694 0.0312295
2.76389 0.0310397
2.77083 0.0305989
2.77778 0.0305989
2.78472 0.030782
2.79167 0.030782
2.79861 0.0306464
2.80556 0.0303615
2.8125 0.0306463
2.81944 0.0306463
2.82639 0.0306735
2.83333 0.0317314
2.84028 0.0316228
2.84722 0.0325113
2.85417 0.0325113
2.86111 0.0324841
2.86806 0.0319552
2.875 0.0319552
2.88194 0.0320027
2.88889 0.0318468
2.89583 0.0318671
2.90278 0.031528
2.90972 0.031528
2.91667 0.0315009
2.92361 0.0315144
2.93056 0.0315144
2.9375 0.0313652
2.94444 0.031277
2.95139 0.030843
2.95833 0.030843
2.96528 0.0308023
2.97222 0.0308905
2.97917 0.0309244
2.98611 0.0309244
2.99306 0.0310397
3 0.0310397
3.00694 0.0310532
3.01389 0.0309176
3.02083 0.0308362
3.02778 0.0308362
3.03472 0.0306939
3.04167 0.0309177
3.04861 0.0309245
3.05556 0.0309042
3.0625 0.0308769
3.06944 0.0308769
3.07639 0.0309651
3.08333 0.0309922
3.09028 0.0309787
3.09722 0.0309787
3.10417 0.0309109
3.11111 0.030877
3.11806 0.0299139
3.125 0.0294596
3.13194 0.0292968
3.13889 0.029385
3.14583 0.029602
3.15278 0.0272894
3.15972 0.0272894
3.16667 0.0272759
3.17361 0.0269299
3.18056 0.0267469
3.1875 0.0268418
3.19444 0.0265908
3.20139 0.0265705
3.20833 0.0261094
3.21528 0.0260687
3.22222 0.0260687
3.22917 0.0260416
3.23611 0.0260416
3.24306 0.0260552
3.25 0.025967
3.25694 0.0265095
3.26389 0.0265095
3.27083 0.0262518
3.27778 0.0262518
3.28472 0.0262789
3.29167 0.0261027
3.29861 0.0261229
3.30556 0.0261229
3.3125 0.0262382
3.31944 0.0262043
3.32639 0.02575
3.33333 0.0257568
3.34028 0.0257568
3.34722 0.0258178
3.35417 0.0258178
3.36111 0.0257907
3.36806 0.0257907
3.375 0.0258517
3.38194 0.0257635
3.38889 0.0247529
3.39583 0.0247464
3.40278 0.0247464
3.40972 0.0244682
3.41667 0.0244682
3.42361 0.0248683
3.43056 0.0247327
3.4375 0.024787
3.44444 0.0246377
3.45139 0.0246445
3.45833 0.0246445
3.46528 0.0246445
3.47222 0.0245497
3.47917 0.0245226
3.48611 0.024909
3.49306 0.024909
3.5 0.0249633
3.50694 0.0253296
3.51389 0.0253296
3.52083 0.0253837
3.52778 0.0252888
3.53472 0.0252888
3.54167 0.0255939
3.54861 0.0255939
3.55556 0.0255058
3.5625 0.0258178
3.56944 0.0258178
3.57639 0.0260078
3.58333 0.0235121
3.59028 0.023546
3.59722 0.0225354
3.60417 0.0224948
3.61111 0.0224948
3.61806 0.0225016
3.625 0.0225016
3.63194 0.0224542
3.63889 0.0227661
3.64583 0.021335
3.65278 0.021335
3.65972 0.0213012
3.66667 0.021742
3.67361 0.021742
3.68056 0.0217624
3.6875 0.0214097
3.69444 0.0214097
3.70139 0.0213148
3.70833 0.0213148
3.71528 0.021403
3.72222 0.0214098
3.72917 0.0209621
3.73611 0.0213216
3.74306 0.0206839
3.75 0.0206839
3.75694 0.0209282
3.76389 0.0208468
3.77083 0.0208603
3.77778 0.0207655
3.78472 0.0203245
3.79167 0.0203586
3.79861 0.0201619
3.80556 0.0200602
3.8125 0.0202839
3.81944 0.0202839
3.82639 0.020284
3.83333 0.020589
3.84028 0.0206162
3.84722 0.0206162
3.85417 0.0204604
3.86111 0.0197277
3.86806 0.0190701
3.875 0.0190701
3.88194 0.0190361
3.88889 0.0190361
3.89583 0.0190904
3.90278 0.0193752
3.90972 0.0193344
3.91667 0.0193344
3.92361 0.0195922
3.93056 0.0187106
3.9375 0.0189005
3.94444 0.0190768
3.95139 0.0186766
3.95833 0.0186766
3.96528 0.0182902
3.97222 0.0188598
3.97917 0.0183444
3.98611 0.0183716
3.99306 0.0184123
4 0.0183512
4.00694 0.0183512
4.01389 0.0184054
4.02083 0.0181002
4.02778 0.01808
4.03472 0.0181206
4.04167 0.0180867
4.04861 0.0180867
4.05556 0.0181138
4.0625 0.0180255
4.06944 0.0178628
4.07639 0.0180054
4.08333 0.0180054
4.09028 0.0181612
4.09722 0.0182495
4.10417 0.0182495
4.11111 0.018236
4.11806 0.018202
4.125 0.0187648
4.13194 0.0188733
4.13889 0.0185208
4.14583 0.0185208
4.15278 0.0184462
4.15972 0.0184462
4.16667 0.0183919
4.17361 0.0180663
4.18056 0.0182562
4.1875 0.0177951
4.19444 0.0178968
4.20139 0.0178968
4.20833 0.0180732
4.21528 0.0180732
4.22222 0.0180935
4.22917 0.0180596
4.23611 0.0180053
4.24306 0.0181137
4.25 0.0168253
4.25694 0.0166897
4.26389 0.0166897
4.27083 0.016927
4.27778 0.016927
4.28472 0.0170423
4.29167 0.017022
4.29861 0.017022
4.30556 0.0173542
4.3125 0.0171644
4.31944 0.0172729
4.32639 0.0191718
4.33333 0.0184665
4.34028 0.0184665
4.34722 0.0184936
4.35417 0.0184936
4.36111 0.0185207
4.36806 0.0184597
4.375 0.0185411
4.38194 0.0185411
4.38889 0.0184462
4.39583 0.0183648
4.40278 0.0183648
4.40972 0.0183783
4.41667 0.0184665
4.42361 0.0184733
4.43056 0.0187445
4.4375 0.0187513
4.44444 0.0187309
4.45139 0.0185818
4.45833 0.0187785
4.46528 0.0183512
4.47222 0.0180325
4.47917 0.0180189
4.48611 0.0180732
4.49306 0.0178969
4.5 0.01789
4.50694 0.0179308
4.51389 0.0181003
4.52083 0.0183038
4.52778 0.017768
4.53472 0.0182902
4.54167 0.0181477
4.54861 0.0180121
4.55556 0.0187717
4.5625 0.0187852
4.56944 0.0187717
4.57639 0.0187717
4.58333 0.0185004
4.59028 0.0180664
4.59722 0.0185207
4.60417 0.0187513
4.61111 0.018792
4.61806 0.0185275
4.625 0.0185275
4.63194 0.0185004
4.63889 0.0185004
4.64583 0.0185547
4.65278 0.018046
4.65972 0.0180257
4.66667 0.0178358
4.67361 0.0174899
4.68056 0.0174357
4.6875 0.0174357
4.69444 0.0173814
4.70139 0.0173814
4.70833 0.0176324
4.71528 0.0178561
4.72222 0.0176934
4.72917 0.0176934
4.73611 0.0175781
4.74306 0.0177951
4.75 0.0178358
4.75694 0.0178901
4.76389 0.0178697
4.77083 0.0179307
4.77778 0.0176934
4.78472 0.0176934
4.79167 0.0176053
4.79861 0.0175781
4.80556 0.0175917
4.8125 0.0176459
4.81944 0.0176459
4.82639 0.0182563
4.83333 0.0182563
4.84028 0.0178494
4.84722 0.017829
4.85417 0.0179104
4.86111 0.0178901
4.86806 0.0178901
4.875 0.0178019
4.88194 0.0173747
4.88889 0.0171712
4.89583 0.0171712
4.90278 0.0172254
4.90972 0.0169949
4.91667 0.0167372
4.92361 0.0165948
4.93056 0.0165609
4.9375 0.0165337
4.94444 0.0164049
4.95139 0.0164049
4.95833 0.016493
4.96528 0.016493
4.97222 0.0163371
4.97917 0.0163371
4.98611 0.0163574
4.99306 0.0163438
5 0.0163371
5.00694 0.0164117
5.01389 0.0167304
5.02083 0.0167304
5.02778 0.0166151
5.03472 0.0165744
5.04167 0.0166083
5.04861 0.0166694
5.05556 0.0166829
5.0625 0.0164523
5.06944 0.0165134
5.07639 0.0165134
5.08333 0.016432
5.09028 0.0165202
5.09722 0.0167304
5.10417 0.0160251
5.11111 0.0160251
5.11806 0.0159573
5.125 0.0159302
5.13194 0.0158827
5.13889 0.0157606
5.14583 0.0156114
5.15278 0.01572
5.15972 0.01572
5.16667 0.0157742
5.17361 0.0158285
5.18056 0.0157132
5.1875 0.0155572
5.19444 0.0155572
5.20139 0.015625
5.20833 0.015096
5.21528 0.0152453
5.22222 0.0149876
5.22917 0.0147976
5.23611 0.0147976
5.24306 0.0147298
5.25 0.0147095
5.25694 0.0143907
5.26389 0.0144721
5.27083 0.0144382
5.27778 0.0141127
5.28472 0.0141059
5.29167 0.0141059
5.29861 0.0140381
5.30556 0.01435
5.3125 0.0142144
5.31944 0.0141873
5.32639 0.0142008
5.33333 0.0142008
5.34028 0.0140313
5.34722 0.0140652
5.35417 0.0129462
5.36111 0.013387
5.36806 0.0135159
5.375 0.0133803
5.38194 0.0129937
5.38889 0.0130683
5.39583 0.0140856
5.40278 0.0143907
5.40972 0.0144789
5.41667 0.0142347
5.42361 0.0139228
5.43056 0.0139228
5.4375 0.0139499
5.44444 0.0140042
5.45139 0.0137736
5.45833 0.013855
5.46528 0.0138482
5.47222 0.0138346
5.47917 0.0138957
5.48611 0.0140516
5.49306 0.0139432
5.5 0.0138482
5.50694 0.0137125
5.51389 0.0132921
5.52083 0.0132988
5.52778 0.0132988
5.53472 0.0132582
5.54167 0.0132311
5.54861 0.0132311
5.55556 0.0130615
5.5625 0.0128784
5.56944 0.0126343
5.57639 0.0126343
5.58333 0.0127631
5.59028 0.0127631
5.59722 0.0127835
5.60417 0.0128513
5.61111 0.0128581
5.61806 0.0129598
5.625 0.013014
5.63194 0.0132989
5.63889 0.0131429
5.64583 0.0131565
5.65278 0.0131565
5.65972 0.0131226
5.66667 0.0131293
5.67361 0.0134752
5.68056 0.013482
5.6875 0.0135159
5.69444 0.013604
5.70139 0.0135701
5.70833 0.0136922
5.71528 0.0134684
5.72222 0.0135634
5.72917 0.013482
5.73611 0.013699
5.74306 0.0136583
5.75 0.0136583
5.75694 0.0136583
5.76389 0.0134955
5.77083 0.0134955
5.77778 0.0134956
5.78472 0.0134345
5.79167 0.0134345
5.79861 0.013482
5.80556 0.013482
5.8125 0.0135566
5.81944 0.0135091
5.82639 0.0135091
5.83333 0.0135091
5.84028 0.0136787
5.84722 0.0136515
5.85417 0.0136515
5.86111 0.0137126
5.86806 0.0136855
5.875 0.013638
5.88194 0.0135566
5.88889 0.0135566
5.89583 0.0134277
5.90278 0.0133735
5.90972 0.0133735
5.91667 0.0132989
5.92361 0.0132989
5.93056 0.0135227
5.9375 0.0135227
5.94444 0.0135363
5.95139 0.0131633
5.95833 0.0129395
5.96528 0.0129395
5.97222 0.0127971
5.97917 0.0129802
5.98611 0.01317
5.99306 0.0130005
6 0.0129327
6.00694 0.012953
6.01389 0.0130073
6.02083 0.0127225
6.02778 0.0127428
6.03472 0.0127428
6.04167 0.0126614
6.04861 0.0121935
6.05556 0.0121935
6.0625 0.0122139
6.06944 0.012146
6.07639 0.012146
6.08333 0.0122206
6.09028 0.0122545
6.09722 0.0122545
6.10417 0.0122138
6.11111 0.0121392
6.11806 0.0121392
6.125 0.0119629
6.13194 0.0119629
6.13889 0.0119086
6.14583 0.0117323
6.15278 0.0118137
6.15972 0.0120646
6.16667 0.0120646
6.17361 0.0120443
6.18056 0.0118951
6.1875 0.0118272
6.19444 0.0118272
6.20139 0.0117594
6.20833 0.0118137
6.21528 0.0114
6.22222 0.0115221
6.22917 0.0115221
6.23611 0.0115085
6.24306 0.0116577
6.25 0.0114678
6.25694 0.0113186
6.26389 0.010905
6.27083 0.010905
6.27778 0.0107625
6.28472 0.0108575
6.29167 0.0108575
6.29861 0.010749
6.30556 0.0107557
6.3125 0.0107557
6.31944 0.0109727
6.32639 0.0106947
6.33333 0.0106947
6.34028 0.0104641
6.34722 0.0103014
6.35417 0.0103014
6.36111 0.0102064
6.36806 0.0101861
6.375 0.0103014
6.38194 0.0103014
6.38889 0.0101793
6.39583 0.0100233
6.40278 0.0100233
6.40972 0.0100165
6.41667 0.0101386
6.42361 0.0101454
6.43056 0.0100504
6.4375 0.0101657
6.44444 0.0101657
6.45139 0.0100301
6.45833 0.00994194
6.46528 0.00997585
6.47222 0.00988089
6.47917 0.00977917
6.48611 0.00944689
6.49306 0.00944689
6.5 0.00947397
6.50694 0.00926376
6.51389 0.00922985
6.52083 0.00920272
6.52778 0.00901963
6.53472 0.00901286
6.54167 0.00910781
6.54861 0.0089925
6.55556 0.0089925
6.5625 0.00914169
6.56944 0.00870766
6.57639 0.00885009
6.58333 0.00885009
6.59028 0.00887723
6.59722 0.00896537
6.60417 0.00896537
6.61111 0.00916204
6.61806 0.00916204
6.625 0.00914851
6.63194 0.00932483
6.63889 0.00950115
6.64583 0.00929769
6.65278 0.00920952
6.65972 0.00920952
6.66667 0.0093316
6.67361 0.0098538
6.68056 0.0101318
6.6875 0.00975884
6.69444 0.00987411
6.70139 0.00979953
6.70833 0.00979953
6.71528 0.0101115
6.72222 0.010342
6.72917 0.0102471
6.73611 0.0101115
6.74306 0.0101251
6.75 0.0101251
6.75694 0.010003
6.76389 0.0100979
6.77083 0.0102878
6.77778 0.0107422
6.78472 0.0107151
6.79167 0.0104709
6.79861 0.0104641
6.80556 0.0104641
6.8125 0.0102471
6.81944 0.0101861
6.82639 0.0101861
6.83333 0.0103624
6.84028 0.0103624
6.84722 0.0104234
6.85417 0.0103421
6.86111 0.0103692
6.86806 0.0103692
6.875 0.0103692
6.88194 0.0103895
6.88889 0.0104709
6.89583 0.0103828
6.90278 0.0101929
6.90972 0.0101589
6.91667 0.00996228
6.92361 0.00990126
6.93056 0.00984701
6.9375 0.00984699
6.94444 0.00984699
6.95139 0.00992835
6.95833 0.00992835
6.96528 0.00974527
6.97222 0.00996227
6.97917 0.00977919
6.98611 0.00977239
6.99306 0.00977239
7 0.00992157
7.00694 0.0098131
7.01389 0.00975884
7.02083 0.00971135
7.02778 0.00971135
7.03472 0.009691
7.04167 0.00969777
7.04861 0.00963672
7.05556 0.00966386
7.0625 0.00972493
7.06944 0.00972493
7.07639 0.00962998
7.08333 0.00967066
7.09028 0.00962316
7.09722 0.00979951
7.10417 0.00987412
7.11111 0.00994872
7.11806 0.0100505
7.125 0.0100979
7.13194 0.0100165
7.13889 0.0100165
7.14583 0.00984696
7.15278 0.00993514
7.15972 0.00993514
7.16667 0.00991481
7.17361 0.00962998
7.18056 0.00952146
7.1875 0.00952146
7.19444 0.00933836
7.20139 0.00933836
7.20833 0.0094401
7.21528 0.00950112
7.22222 0.00950112
7.22917 0.00954182
7.23611 0.00941298
7.24306 0.00931125
7.25 0.00939939
7.25694 0.00938584
7.26389 0.00941297
7.27083 0.00927731
7.27778 0.00914846
7.28472 0.00929091
7.29167 0.00929091
7.29861 0.00918916
7.30556 0.00888398
7.3125 0.00891791
7.31944 0.00891791
7.32639 0.00900607
7.33333 0.00906031
7.34028 0.00906031
7.34722 0.00906034
7.35417 0.00908746
7.36111 0.00901286
7.36806 0.00896539
7.375 0.00890435
7.38194 0.00896536
7.38889 0.00903996
7.39583 0.0088365
7.40278 0.00880259
7.40972 0.00866699
7.41667 0.0085585
7.42361 0.0087077
7.43056 0.00868054
7.4375 0.00826008
7.44444 0.00813804
7.45139 0.00813804
7.45833 0.00821265
7.46528 0.00821265
7.47222 0.00823295
7.47917 0.00823295
7.48611 0.00811091
7.49306 0.00811091
7.5 0.00807022
7.50694 0.00826686
7.51389 0.00826686
7.52083 0.00828041
7.52778 0.00821939
7.53472 0.00819903
7.54167 0.00819903
7.54861 0.00826007
7.55556 0.00826007
7.5625 0.00811765
7.56944 0.00843641
7.57639 0.00834825
7.58333 0.00834825
7.59028 0.00831433
7.59722 0.00812447
7.60417 0.00812447
7.61111 0.00828044
7.61806 0.00826006
7.625 0.00831431
7.63194 0.00828043
7.63889 0.00828043
7.64583 0.00816515
7.65278 0.00827366
7.65972 0.00842964
7.66667 0.0082533
7.67361 0.0082533
7.68056 0.008138
7.6875 0.00794814
7.69444 0.00798204
7.70139 0.00791421
7.70833 0.00791421
7.71528 0.00773786
7.72222 0.00774465
7.72917 0.00770396
7.73611 0.00758867
7.74306 0.00764293
7.75 0.00766329
7.75694 0.00795487
7.76389 0.00790745
7.77083 0.00797523
7.77778 0.00774469
7.78472 0.00794812
7.79167 0.00816516
7.79861 0.00805664
7.80556 0.00805664
7.8125 0.00809053
7.81944 0.00788708
7.82639 0.00788708
7.83333 0.00773788
7.84028 0.00764972
7.84722 0.00764972
7.85417 0.00750732
7.86111 0.00739201
7.86806 0.00739201
7.875 0.00726995
7.88194 0.00708007
7.88889 0.00718181
7.89583 0.00703937
7.90278 0.00704616
7.90972 0.00693087
7.91667 0.00696478
7.92361 0.00701901
7.93056 0.00701901
7.9375 0.00690369
7.94444 0.00690369
7.95139 0.00679523
7.95833 0.00670708
7.96528 0.00667318
7.97222 0.00672064
7.97917 0.00667995
7.98611 0.00662569
7.99306 0.00657144
8 0.00644258
8.00694 0.00642223
8.01389 0.00643579
8.02083 0.00643579
8.02778 0.00657822
8.03472 0.00634765
8.04167 0.00622554
8.04861 0.00622554
8.05556 0.006212
8.0625 0.00609672
8.06944 0.00600856
8.07639 0.00600856
8.08333 0.00604247
8.09028 0.00601535
8.09722 0.006151
8.10417 0.00583224
8.11111 0.00586617
8.11806 0.00591365
8.125 0.00595431
8.13194 0.00595431
8.13889 0.00604247
8.14583 0.00591364
8.15278 0.00598144
8.15972 0.00592721
8.16667 0.00610353
8.17361 0.00606962
8.18056 0.00606962
8.1875 0.00623236
8.19444 0.00622559
8.20139 0.00611708
8.20833 0.00611708
8.21528 0.00608316
8.22222 0.00595431
8.22917 0.00597466
8.23611 0.00591362
8.24306 0.00591362
8.25 0.00606958
8.25694 0.00606958
8.26389 0.00606958
8.27083 0.00595433
8.27778 0.00595433
8.28472 0.0059679
8.29167 0.00583904
8.29861 0.0057712
8.30556 0.00580511
8.3125 0.00580511
8.31944 0.00585258
8.32639 0.00563556
8.33333 0.00578475
8.34028 0.00578475
8.34722 0.00583901
8.35417 0.00583901
8.36111 0.00576439
8.36806 0.00576439
8.375 0.00575084
8.38194 0.00558133
8.38889 0.00552705
8.39583 0.00552705
8.40278 0.00545923
8.40972 0.0053711
8.41667 0.00535073
8.42361 0.00526257
8.43056 0.00523547
8.4375 0.00521512
8.44444 0.00525579
8.45139 0.00512697
8.45833 0.00523552
8.46528 0.00501848
8.47222 0.00518803
8.47917 0.00495068
8.48611 0.00506594
8.49306 0.00493707
8.5 0.00496419
8.50694 0.00485572
8.51389 0.00511339
8.52083 0.00518799
8.52778 0.00531004
8.53472 0.00514731
8.54167 0.00506592
8.54861 0.00514052
8.55556 0.00514052
8.5625 0.00512697
8.56944 0.00518119
8.57639 0.00495063
8.58333 0.00495063
8.59028 0.00487604
8.59722 0.00491676
8.60417 0.00489638
8.61111 0.00497099
8.61806 0.00518799
8.625 0.0051134
8.63194 0.00501165
8.63889 0.00518798
8.64583 0.00512697
8.65278 0.00457764
8.65972 0.00461155
8.66667 0.00499809
8.67361 0.00485572
8.68056 0.00472684
8.6875 0.00476753
8.69444 0.00465904
8.70139 0.00481502
8.70833 0.00482179
8.71528 0.00482179
8.72222 0.00488962
8.72917 0.00490318
8.73611 0.00499813
8.74306 0.00490318
8.75 0.00488962
8.75694 0.00478114
8.76389 0.00469295
8.77083 0.00472012
8.77778 0.00460479
8.78472 0.00467938
8.79167 0.00467938
8.79861 0.00467938
8.80556 0.00474042
8.8125 0.00480145
8.81944 0.00493034
8.82639 0.00481505
8.83333 0.00482183
8.84028 0.00464549
8.84722 0.00474041
8.85417 0.00462512
8.86111 0.00463192
8.86806 0.00466583
8.875 0.00466583
8.88194 0.00475399
8.88889 0.00483539
8.89583 0.00481503
8.90278 0.00484215
8.90972 0.00482858
8.91667 0.00478788
8.92361 0.00478788
8.93056 0.00478788
8.9375 0.00478789
8.94444 0.00475397
8.95139 0.00475397
8.95833 0.00452342
8.96528 0.00450982
8.97222 0.00458445
8.97917 0.00451664
8.98611 0.00455732
8.99306 0.0047201
9 0.00474719
9.00694 0.00471326
9.01389 0.00467938
9.02083 0.00479463
9.02778 0.00485568
9.03472 0.00493708
9.04167 0.00493708
9.04861 0.00481501
9.05556 0.00496419
9.0625 0.00499809
9.06944 0.00477429
9.07639 0.0047607
9.08333 0.00485569
9.09028 0.00487606
9.09722 0.00488283
9.10417 0.00474718
9.11111 0.00463189
9.11806 0.00462511
9.125 0.00480821
9.13194 0.00467257
9.13889 0.00472004
9.14583 0.00450302
9.15278 0.00438096
9.15972 0.00436061
9.16667 0.00425214
9.17361 0.00429279
9.18056 0.00417753
9.1875 0.00423857
9.19444 0.00429959
9.20139 0.00427249
9.20833 0.00421146
9.21528 0.0042453
9.22222 0.00424536
9.22917 0.00430637
9.23611 0.00427926
9.24306 0.00434034
9.25 0.00433349
9.25694 0.00440812
9.26389 0.00434029
9.27083 0.00427247
9.27778 0.00421821
9.28472 0.00419789
9.29167 0.00416396
9.29861 0.00413005
9.30556 0.00400122
9.3125 0.00402836
9.31944 0.00412328
9.32639 0.00404868
9.33333 0.00409615
9.34028 0.00414362
9.34722 0.00396729
9.35417 0.00394017
9.36111 0.00387235
9.36806 0.00383846
9.375 0.00389271
9.38194 0.00391984
9.38889 0.00389267
9.39583 0.00389951
9.40278 0.00388588
9.40972 0.00384527
9.41667 0.00388592
9.42361 0.00378421
9.43056 0.00372317
9.4375 0.00377064
9.44444 0.00381811
9.45139 0.00375026
9.45833 0.00389271
9.46528 0.00385878
9.47222 0.003852
9.47917 0.00375025
9.48611 0.00394021
9.49306 0.00398767
9.5 0.00381811
9.50694 0.00381808
9.51389 0.00381136
9.52083 0.0038792
9.52778 0.00385202
9.53472 0.00383167
9.54167 0.00380456
9.54861 0.00381816
9.55556 0.0038452
9.5625 0.00379777
9.56944 0.00383167
9.57639 0.00372992
9.58333 0.00369606
9.59028 0.00362143
9.59722 0.00358753
9.60417 0.0036011
9.61111 0.00358084
9.61806 0.00368246
9.625 0.00369601
9.63194 0.00370282
9.63889 0.00370282
9.64583 0.0037639
9.65278 0.00380456
9.65972 0.00375707
9.66667 0.00378419
9.67361 0.00385883
9.68056 0.00385206
9.6875 0.00370963
9.69444 0.00370963
9.70139 0.00370963
9.70833 0.00371641
9.71528 0.0037232
9.72222 0.00370282
9.72917 0.00363505
9.73611 0.00363505
9.74306 0.00363505
9.75 0.0036215
9.75694 0.00362819
9.76389 0.00356046
9.77083 0.00351969
9.77778 0.00353331
9.78472 0.00350608
9.79167 0.00340445
9.79861 0.00330947
9.80556 0.00328239
9.8125 0.00335019
9.81944 0.00328918
9.82639 0.00329591
9.83333 0.00329591
9.84028 0.00329591
9.84722 0.00328915
9.85417 0.00322132
9.86111 0.00326879
9.86806 0.00323489
9.875 0.00325526
9.88194 0.00323492
9.88889 0.00314
9.89583 0.00315355
9.90278 0.00320788
9.90972 0.00322141
9.91667 0.00322137
9.92361 0.00322137
9.93056 0.00322137
9.9375 0.00318757
9.94444 0.00312652
9.95139 0.00300438
9.95833 0.00299078
9.96528 0.00313992
9.97222 0.00311949
9.97917 0.00311282
9.98611 0.00312648
9.99306 0.0030586
10 0.0030586
10.0069 0.0030586
10.0139 0.00308581
10.0208 0.00306539
10.0278 0.00295688
10.0347 0.00284165
10.0417 0.00276706
10.0486 0.00273991
10.0556 0.00280772
10.0625 0.00279417
10.0694 0.00281447
10.0764 0.00273314
10.0833 0.0027399
10.0903 0.00195996
10.0972 0.00195996
10.1042 0.00195996
10.1111 0.00202106
10.1181 0.00196002
10.125 0.00188541
10.1319 0.00181757
10.1389 0.00181757
10.1458 0.00181757
10.1528 0.00189893
10.1597 0.00190564
10.1667 0.00193962
10.1736 0.00191247
10.1806 0.00180403
10.1875 0.00182432
10.1944 0.00187185
10.2014 0.00192602
10.2083 0.00195324
10.2153 0.00195324
10.2222 0.00195324
10.2292 0.00230587
10.2361 0.00227875
10.2431 0.00231941
10.25 0.00231941
10.2569 0.00232617
10.2639 0.00195996
10.2708 0.0020142
10.2778 0.00220413
10.2847 0.00220414
10.2917 0.00221085
10.2986 0.00205489
10.3056 0.00206846
10.3125 0.0018311
10.3194 0.00168877
10.3264 0.00169544
10.3333 0.00169544
10.3403 0.0016412
10.3472 0.00160056
10.3542 0.00160049
10.3611 0.00160049
10.3681 0.00160049
10.375 0.00204131
10.3819 0.00208875
10.3889 0.00213631
10.3958 0.00202102
10.4028 0.00202102
10.4097 0.00202102
10.4167 0.00200745
10.4236 0.00173617
10.4306 0.00206161
10.4375 0.00208203
10.4444 0.00205487
10.4514 0.00205487
10.4583 0.00205487
10.4653 0.00205484
10.4722 0.00172264
10.4792 0.00213629
10.4861 0.00199401
10.4931 0.00163445
10.5 0.00162763
10.5069 0.00159373
10.5139 0.00159373
10.5208 0.00159373
10.5278 0.00158017
10.5347 0.00158014
10.5417 0.00160066
10.5486 0.00160066
10.5556 0.00160744
10.5625 0.00166166
10.5694 0.00166157
10.5764 0.00166157
10.5833 0.00166157
10.5903 0.00166158
10.5972 0.00166162
10.6042 0.00154632
10.6111 0.00154632
10.6181 0.00154632
10.625 0.00153953
10.6319 0.00156659
10.6389 0.00154622
10.6458 0.00144453
10.6528 0.00153949
10.6597 0.00157337
10.6667 0.00158016
10.6736 0.00158016
10.6806 0.00158016
10.6875 0.00162763
10.6944 0.00162763
10.7014 0.00162763
10.7083 0.00160052
10.7153 0.00162767
10.7222 0.00162767
10.7292 0.00158698
10.7361 0.00241434
10.7431 0.00242112
10.75 0.00236688
10.7569 0.00244823
10.7639 0.00244823
10.7708 0.00244823
10.7778 0.00243468
10.7847 0.00185826
10.7917 0.0017904
10.7986 0.00188532
10.8056 0.00197344
10.8125 0.00193962
10.8194 0.00193962
10.8264 0.00192601
10.8333 0.00252963
10.8403 0.00238717
10.8472 0.00233287
10.8542 0.00233287
10.8611 0.00233287
10.8681 0.00189207
10.875 0.00189207
10.8819 0.00189207
10.8889 0.0018989
10.8958 0.00175647
10.9028 0.00177684
10.9097 0.00175655
10.9167 0.00175655
10.9236 0.0017362
10.9306 0.00177688
10.9375 0.00177688
10.9444 0.00177688
10.9514 0.00231941
10.9583 0.00232616
10.9653 0.00232623
10.9722 0.00232623
10.9792 0.00232624
10.9861 0.00160736
10.9931 0.00167516
11 0.00167516
11.0069 0.00166838
11.0139 0.00164129
11.0208 0.00164129
11.0278 0.00164129
11.0347 0.00160733
11.0417 0.00158017
11.0486 0.00158693
11.0556 0.00155984
11.0625 0.00149199
11.0694 0.00155306
11.0764 0.00152589
11.0833 0.00156655
11.0903 0.00160051
11.0972 0.00141061
11.1042 0.00141061
11.1111 0.00141061
11.1181 0.00139704
11.125 0.00139704
11.1319 0.00140383
11.1389 0.00208192
11.1458 0.00208192
11.1528 0.00208192
11.1597 0.00210909
11.1667 0.00206165
11.1736 0.00206841
11.1806 0.00208876
11.1875 0.00208198
11.1944 0.00208198
11.2014 0.00206164
11.2083 0.00214979
11.2153 0.00216331
11.2222 0.00216331
11.2292 0.00216331
11.2361 0.00218366
11.2431 0.00215659
11.25 0.00215659
11.2569 0.00215659
11.2639 0.00214303
11.2708 0.00215659
11.2778 0.00215659
11.2847 0.00215659
11.2917 0.0020888
11.2986 0.00213626
11.3056 0.00213626
11.3125 0.00212948
11.3194 0.00210235
11.3264 0.00202775
11.3333 0.00202775
11.3403 0.00202775
11.3472 0.00206846
11.3542 0.00207522
11.3611 0.0020006
11.3681 0.0020006
11.375 0.0020006
11.3819 0.00200062
11.3889 0.00191246
11.3958 0.0019328
11.4028 0.0019328
11.4097 0.00193279
11.4167 0.0019938
11.4236 0.00201417
11.4306 0.0020413
11.4375 0.00198025
11.4444 0.00191244
11.4514 0.00187173
11.4583 0.00203451
11.4653 0.00202095
11.4722 0.00202095
11.4792 0.00202095
11.4861 0.00202094
11.4931 0.00206167
11.5 0.00206845
11.5069 0.00206845
11.5139 0.00206845
11.5208 0.00205489
11.5278 0.00214986
11.5347 0.00226507
11.5417 0.00246178
11.5486 0.00240074
11.5556 0.00233292
11.5625 0.00229901
11.5694 0.00229901
11.5764 0.00229901
11.5833 0.00223119
11.5903 0.00223119
11.5972 0.00221764
11.6042 0.00217696
11.6111 0.00217696
11.6181 0.00217696
11.625 0.00214305
11.6319 0.00215661
11.6389 0.0019939
11.6458 0.00201423
11.6528 0.00201423
11.6597 0.00201423
11.6667 0.00189892
11.6736 0.00181078
11.6806 0.00181078
11.6875 0.00181078
11.6944 0.00185145
11.7014 0.00184467
11.7083 0.00184467
11.7153 0.00185823
11.7222 0.00183789
11.7292 0.00199383
11.7361 0.00199381
11.7431 0.00199381
11.75 0.00199381
11.7569 0.00197347
11.7639 0.00195989
11.7708 0.00179715
11.7778 0.00174969
11.7847 0.0017158
11.7917 0.0017158
11.7986 0.0017158
11.8056 0.0017158
11.8125 0.001709
11.8194 0.001709
11.8264 0.001709
11.8333 0.0016683
11.8403 0.0017836
11.8472 0.00187179
11.8542 0.00177005
11.8611 0.00181074
11.8681 0.00181074
11.875 0.00181074
11.8819 0.00192603
11.8889 0.00193281
11.8958 0.00193281
11.9028 0.00192603
11.9097 0.00122755
11.9167 0.00115291
11.9236 0.00109187
11.9306 0.00120035
11.9375 0.00120035
11.9444 0.00120035
11.9514 0.00123425
11.9583 0.00129527
11.9653 0.00129527
11.9722 0.00126815
11.9792 0.0013224
11.9861 0.00132918
11.9931 0.00132918
12 0.00129529
12.0069 0.00129529
12.0139 0.00129529
12.0208 0.00126819
12.0278 0.00123429
12.0347 0.00124783
12.0417 0.00124783
12.0486 0.00124783
12.0556 0.00126139
12.0625 0.00128859
12.0694 0.00125457
12.0764 0.00122744
12.0833 0.00122744
12.0903 0.00122744
12.0972 0.00181746
12.1042 0.00179719
12.1111 0.00179719
12.1181 0.00179719
12.125 0.00180397
12.1319 0.00180397
12.1389 0.00180397
12.1458 0.00180397
12.1528 0.0017972
12.1597 0.00171574
12.1667 0.00171574
12.1736 0.00171574
12.1806 0.0016886
12.1875 0.00169543
12.1944 0.00167512
12.2014 0.00167512
12.2083 0.00167512
12.2153 0.00167507
12.2222 0.0011122
12.2292 0.0011122
12.2361 0.0011122
12.2431 0.00111898
12.25 0.00106472
12.2569 0.00104446
12.2639 0.000976632
12.2708 0.000956271
12.2778 0.00100377
12.2847 0.00106475
12.2917 0.00106475
12.2986 0.00106475
12.3056 0.00109187
12.3125 0.00103083
12.3194 0.00105121
12.3264 0.00110544
12.3333 0.00110544
12.3403 0.00110544
12.3472 0.00147168
12.3542 0.00147168
12.3611 0.00147168
12.3681 0.00147846
12.375 0.00141058
12.3819 0.00141743
12.3889 0.00141743
12.3958 0.00141743
12.4028 0.0014242
12.4097 0.0015192
12.4167 0.00151925
12.4236 0.00151918
12.4306 0.00151918
12.4375 0.0015734
12.4444 0.00151916
12.4514 0.00153272
12.4583 0.0013361
12.4653 0.00140389
12.4722 0.00136999
12.4792 0.00136999
12.4861 0.0013632
12.4931 0.00140389
12.5 0.00139706
12.5069 0.00139706
12.5139 0.00139706
12.5208 0.00140388
12.5278 0.00136995
12.5347 0.00136995
12.5417 0.00138351
12.5486 0.001431
12.5556 0.00144458
12.5625 0.00144458
12.5694 0.00144458
12.5764 0.00137668
12.5833 0.00139708
12.5903 0.00148525
12.5972 0.00143772
12.6042 0.00149203
12.6111 0.00146486
12.6181 0.00137679
12.625 0.00145133
12.6319 0.00146488
12.6389 0.00155304
12.6458 0.00155977
12.6528 0.00155977
12.6597 0.00155977
12.6667 0.00155976
12.6736 0.00157337
12.6806 0.00157337
12.6875 0.00157337
12.6944 0.00155982
12.7014 0.00155982
12.7083 0.00155982
12.7153 0.00155978
12.7222 0.00149874
12.7292 0.001553
12.7361 0.001553
12.7431 0.001553
12.75 0.00154622
12.7569 0.00155306
12.7639 0.00162088
12.7708 0.00157343
12.7778 0.00144454
12.7847 0.00141741
12.7917 0.00150558
12.7986 0.0014716
12.8056 0.00147169
12.8125 0.00146489
12.8194 0.00149197
12.8264 0.00149197
12.8333 0.00149197
12.8403 0.00151232
12.8472 0.00153947
12.8542 0.00153947
12.8611 0.00153947
12.8681 0.00153947
12.875 0.00154624
12.8819 0.00152591
12.8889 0.00152589
12.8958 0.00152589
12.9028 0.00152589
12.9097 0.00154623
12.9167 0.00152586
12.9236 0.00157338
12.9306 0.00155982
12.9375 0.00155982
12.9444 0.00155982
12.9514 0.0015666
12.9583 0.0015666
12.9653 0.0015666
12.9722 0.00160729
12.9792 0.00159373
12.9861 0.00159373
12.9931 0.00157338
13 0.00157338
13.0069 0.00157338
13.0139 0.00157335
13.0208 0.00157335
13.0278 0.00155298
13.0347 0.00153267
13.0417 0.00153267
13.0486 0.00153267
13.0556 0.00155979
13.0625 0.00155297
13.0694 0.00153947
13.0764 0.00160728
13.0833 0.00160728
13.0903 0.00160728
13.0972 0.00158694
13.1042 0.00162082
13.1111 0.00164794
13.1181 0.00167507
13.125 0.00167507
13.1319 0.00162081
13.1389 0.00168187
13.1458 0.00169541
13.1528 0.00169541
13.1597 0.00169541
13.1667 0.00172258
13.1736 0.00170897
13.1806 0.00150552
13.1875 0.00150552
13.1944 0.00150552
13.2014 0.00150552
13.2083 0.00153265
13.2153 0.00153265
13.2222 0.00153265
13.2292 0.00149879
13.2361 0.0014988
13.2431 0.0014988
13.25 0.0014988
13.2569 0.0014717
13.2639 0.00151912
13.2708 0.00149883
13.2778 0.00149883
13.2847 0.00149883
13.2917 0.00147843
13.2986 0.000481606
13.3056 0.000481606
13.3125 0.000481606
13.3194 0.000488388
13.3264 0.000420541
13.3333 0.000420541
13.3403 0.000420541
13.3472 0.000420541
13.3542 0.00238042
13.3611 0.00236686
13.3681 0.00236686
13.375 0.00234652
13.3819 0.00236686
13.3889 0.002394
13.3958 0.00242793
13.4028 0.00242116
13.4097 0.00204132
13.4167 0.0019939
13.4236 0.00202103
13.4306 0.00202103
13.4375 0.0019939
13.4444 0.00201423
13.4514 0.00201423
13.4583 0.00201423
13.4653 0.00198032
13.4722 0.00193961
13.4792 0.00191931
13.4861 0.00191931
13.4931 0.00191931
13.5 0.00190575
13.5069 0.00190575
13.5139 0.00190575
13.5208 0.00190575
13.5278 0.00194646
13.5347 0.00196678
13.5417 0.00198713
13.5486 0.00198713
13.5556 0.00198713
13.5625 0.00198035
13.5694 0.00198035
13.5764 0.00198035
13.5833 0.00189219
13.5903 0.00183794
13.5972 0.00181759
13.6042 0.00181759
13.6111 0.00187863
13.6181 0.00189223
13.625 0.00189223
13.6319 0.00189223
13.6389 0.00190574
13.6458 0.00195321
13.6528 0.00193964
13.6597 0.00193964
13.6667 0.00194642
13.6736 0.00193286
13.6806 0.00193286
13.6875 0.00193286
13.6944 0.00188535
13.7014 0.00202099
13.7083 0.00201421
13.7153 0.00201421
13.7222 0.00201421
13.7292 0.00199386
13.7361 0.00190573
13.7431 0.00240765
13.75 0.00240762
13.7569 0.00209565
13.7639 0.00242797
13.7708 0.00241441
13.7778 0.0021364
13.7847 0.0021364
13.7917 0.0021364
13.7986 0.00214996
13.8056 0.00216345
13.8125 0.00213626
13.8194 0.00213625
13.8264 0.00213625
13.8333 0.00213625
13.8403 0.00210913
13.8472 0.00211591
13.8542 0.00210234
13.8611 0.00210234
13.8681 0.00210234
13.875 0.00208878
13.8819 0.00185824
13.8889 0.00193282
13.8958 0.00193282
13.9028 0.00193282
13.9097 0.00198029
13.9167 6.7852e-05
13.9236 6.78614e-05
13.9306 6.78614e-05
13.9375 6.78614e-05
13.9444 0.000101736
13.9514 8.82206e-05
13.9583 8.14012e-05
13.9653 0.000108572
13.9722 0.000108572
13.9792 0.000101797
13.9861 7.46717e-05
13.9931 9.50702e-05
14 0.000115376
14.0069 0.000115376
14.0139 0.000115376
14.0208 0.000149317
14.0278 0.000149256
14.0347 0.000149256
14.0417 0.000149256
14.0486 0.000149256
14.0556 0.00014248
14.0625 0.00014248
14.0694 0.000128917
14.0764 0.000128917
14.0833 0.000115405
14.0903 8.82241e-05
14.0972 8.82539e-05
14.1042 8.8259e-05
14.1111 8.14878e-05
14.1181 7.46731e-05
14.125 8.13966e-05
14.1319 8.13966e-05
14.1389 8.13966e-05
14.1458 0.000115313
14.1528 0.000122206
14.1597 0.000122206
14.1667 0.000122206
14.1736 0.000108637
14.1806 0.00113256
14.1875 0.00113256
14.1944 0.00113256
14.2014 0.00111222
14.2083 0.00120044
14.2153 0.00120722
14.2222 0.00120722
14.2292 0.00120722
14.2361 0.00120722
14.2431 0.00117334
14.25 0.00117334
14.2569 0.00117334
14.2639 0.00118012
14.2708 0.00118684
14.2778 0.00118684
14.2847 0.00111228
14.2917 0.00111228
14.2986 0.00111228
14.3056 0.00114619
14.3125 0.00106475
14.3194 0.00101727
14.3264 0.00102406
14.3333 0.00102406
14.3403 0.00102406
14.3472 0.000969802
14.3542 0.00101049
14.3611 0.00102404
14.3681 0.00102404
14.375 0.00102404
14.3819 0.00101045
14.3889 0.000996953
14.3958 0.00108514
14.4028 0.00120044
14.4097 0.00113938
14.4167 0.00113938
14.4236 0.00113938
14.4306 0.000996973
14.4375 0.00109874
14.4444 0.00111903
14.4514 0.00111903
14.4583 0.00111903
14.4653 0.00111224
14.4722 0.00111903
14.4792 0.00111903
14.4861 0.00111903
14.4931 0.00111903
14.5 0.00111899
14.5069 0.00115286
14.5139 0.00114609
14.5208 0.00113252
14.5278 0.00106471
14.5347 0.00109862
14.5417 0.00111219
14.5486 0.00108512
14.5556 0.00107837
14.5625 0.00111227
14.5694 0.00107161
14.5764 0.00113263
14.5833 0.00110551
14.5903 0.00109869
14.5972 0.00109869
14.6042 0.00109869
14.6111 0.00109869
14.6181 0.00109869
14.625 0.0011123
14.6319 0.00111235
14.6389 0.00106487
14.6458 0.00103766
14.6528 0.000996974
14.6597 0.000969784
14.6667 0.000915529
14.6736 0.000915585
14.6806 0.000915585
14.6875 0.000915585
14.6944 0.000915585
14.7014 0.000962997
14.7083 0.000949465
14.7153 0.000949465
14.7222 0.000949465
14.7292 0.000949434
14.7361 0.0009359
14.7431 0.000935892
14.75 0.000861294
14.7569 0.000874859
14.7639 0.000874859
14.7708 0.000874859
14.7778 0.00087486
14.7847 0.00087486
14.7917 0.000861297
14.7986 0.00090201
14.8056 0.000854516
14.8125 0.000929161
14.8194 0.0010241
14.8264 0.000963068
14.8333 0.000990149
14.8403 0.000963054
14.8472 0.000963054
14.8542 0.000420512
14.8611 0.000454468
14.8681 0.00054262
14.875 0.000352745
14.8819 0.000359491
14.8889 0.000373051
14.8958 0.000373051
14.9028 0.000373051
14.9097 0.000366269
14.9167 0.00037305
14.9236 0.00035949
14.9306 0.000359491
14.9375 0.000359491
14.9444 0.000359491
14.9514 0.000203511
14.9583 0.000217135
14.9653 0.000203568
14.9722 0.000190004
14.9792 0.00017645
14.9861 0.000230693
14.9931 0.000217077
15 0.000190012
15.0069 0.000183186
15.0139 0.000183186
15.0208 0.000183186
15.0278 0.000176408
15.0347 0.000196749
15.0417 0.000196749
15.0486 0.000196749
15.0556 0.000196749
15.0625 0.000183191
15.0694 0.000176407
15.0764 0.00020359
15.0833 0.00019002
15.0903 0.00019002
15.0972 0.00019002
15.1042 0.00018324
15.1111 0.000156113
15.1181 0.000176456
15.125 0.000339151
15.1319 0.000312023
15.1389 0.000312023
15.1458 0.000312023
15.1528 0.000318863
15.1597 0.000318863
15.1667 0.000318863
15.1736 0.000318863
15.1806 0.000284954
15.1875 0.000284954
15.1944 0.00055621
15.2014 0.000562993
15.2083 0.000562993
15.2153 0.000562993
15.2222 0.000562992
15.2292 0.000535838
15.2361 0.000549402
15.2431 0.000542619
15.25 0.000542619
15.2569 0.000542619
15.2639 0.00106478
15.2708 0.00105124
15.2778 0.00105128
15.2847 0.00108512
15.2917 0.00107827
15.2986 0.000176414
15.3056 0.00128176
15.3125 0.00129538
15.3194 0.000685061
15.3264 0.000183234
15.3333 0.000162827
15.3403 0.000128889
15.3472 0.000183143
15.3542 0.000556137
15.3611 0.000549419
15.3681 0.000583322
15.375 0.000603594
15.3819 0.000583252
15.3889 0.000576472
15.3958 0.00103762
15.4028 0.000325589
15.4097 0.0003188
15.4167 0.000318806
15.4236 0.000298494
15.4306 0.000312052
15.4375 0.000312052
15.4444 0.000312052
15.4514 0.000779984
15.4583 0.000983424
15.4653 0.00096986
15.4722 0.000956296
15.4792 0.00145813
15.4861 0.00149203
15.4931 0.00155304
15.5 0.00152596
15.5069 0.00151243
15.5139 0.00154633
15.5208 0.00153946
15.5278 0.00153946
15.5347 0.0015259
15.5417 0.00153946
15.5486 0.00152593
15.5556 0.00151236
15.5625 0.00155302
15.5694 0.00118684
15.5764 0.00122076
15.5833 0.00113934
15.5903 0.00113252
15.5972 0.00113252
15.6042 0.00114611
15.6111 0.00108512
15.6181 0.00108507
15.625 0.00105794
15.6319 0.00105794
15.6389 0.00107825
15.6458 0.00113251
15.6528 0.00111215
15.6597 0.00111901
15.6667 0.00114605
15.6736 0.00114605
15.6806 0.00114605
15.6875 0.00109184
15.6944 0.00108506
15.7014 0.00112576
15.7083 0.00111898
15.7153 0.00110549
15.7222 0.00111905
15.7292 0.00116644
15.7361 0.00118004
15.7431 0.00118003
15.75 0.00120718
15.7569 0.00122071
15.7639 0.00120031
15.7708 0.00120038
15.7778 0.00118678
15.7847 0.00119356
15.7917 0.00115292
15.7986 0.00115291
15.8056 0.00114613
15.8125 0.00113935
15.8194 0.0011461
15.8264 0.00111898
15.8333 0.00111219
15.8403 0.00111219
15.8472 0.0011122
15.8542 0.0011122
15.8611 0.00110542
15.8681 0.00108508
15.875 0.00107152
15.8819 0.00104448
15.8889 0.00109869
15.8958 0.0010919
15.9028 0.00108505
15.9097 0.00102409
15.9167 0.00100375
15.9236 0.00102412
15.9306 0.00105124
15.9375 0.00105802
15.9444 -7.45056e-05
15.9514 -9.49279e-05
15.9583 -0.000115266
15.9653 -0.000128858
15.9722 -0.000122074
15.9792 -0.000115195
15.9861 0.000915595
15.9931 0.000895251
16 0.000895251
16.0069 0.000922383
16.0139 0.000908817
16.0208 0.000929159
16.0278 0.000935874
16.0347 0.00106478
16.0417 0.00108513
16.0486 0.00109192
16.0556 0.00110547
16.0625 0.00109191
16.0694 0.00106479
16.0764 0.00104444
16.0833 0.00105122
16.0903 0.00103088
16.0972 0.0010241
16.1042 0.0010444
16.1111 0.00105117
16.1181 0.00101727
16.125 0.000990148
16.1319 0.000996928
16.1389 0.00100372
16.1458 0.00101736
16.1528 0.00101738
16.1597 0.00100378
16.1667 0.00102408
16.1736 0.00102409
16.1806 0.00101052
16.1875 0.00101052
16.1944 0.00101052
16.2014 0.0010173
16.2083 0.00103087
16.2153 0.0010174
16.2222 0.000997053
16.2292 0.000739348
16.2361 0.00130222
16.2431 0.000990189
16.25 0.000976634
16.2569 0.00130892
16.2639 0.00130891
16.2708 0.0012885
16.2778 0.00129531
16.2847 0.00130209
16.2917 0.00128853
16.2986 0.00127497
16.3056 0.00126819
16.3125 0.00126825
16.3194 0.00119367
16.3264 0.00120716
16.3333 0.00120038
16.3403 0.00120716
16.3472 0.00122754
16.3542 0.00122075
16.3611 0.00121404
16.3681 0.0012276
16.375 0.00118006
16.3819 0.00118691
16.3889 0.00118006
16.3958 0.00119362
16.4028 0.00112581
16.4097 0.00109867
16.4167 0.00107833
16.4236 0.00108511
16.4306 0.00108511
16.4375 0.00111895
16.4444 0.00112573
16.4514 0.00107148
16.4583 0.00107145
16.4653 0.00109187
16.4722 0.00109865
16.4792 0.00109865
16.4861 0.00107827
16.4931 0.00107827
16.5 0.0010919
16.5069 0.00107827
16.5139 0.000847697
16.5208 0.000820638
16.5278 0.00079352
16.5347 0.000807004
16.5417 0.00079344
16.5486 0.000779949
16.5556 0.000786733
16.5625 0.0007868
16.5694 0.000779955
16.5764 0.00088168
16.5833 0.000868127
16.5903 0.00084099
16.5972 0.000874898
16.6042 0.000827424
16.6111 0.00088168
16.6181 0.000902024
16.625 0.000908806
16.6319 0.000902024
16.6389 0.000908809
16.6458 0.000895246
16.6528 0.000895267
16.6597 0.000651129
16.6667 0.000685035
16.6736 0.000698602
16.6806 0.000698644
16.6875 0.000685079
16.6944 0.000691839
16.7014 0.000732529
16.7083 0.000691837
16.7153 0.000501946
16.7222 0.000495168
16.7292 0.000488386
16.7361 0.000461256
16.7431 0.000440878
16.75 0.000461179
16.7569 0.000481526
16.7639 0.000454399
16.7708 0.000447617
16.7778 0.000467962
16.7847 0.000467991
16.7917 0.000474772
16.7986 0.00046796
16.8056 0.000454404
16.8125 0.000440871
16.8194 0.000467989
16.8264 0.000467989
16.8333 0.000474773
16.8403 0.000474807
16.8472 0.000447652
16.8542 0.000447698
16.8611 0.000305279
16.8681 0.000325569
16.875 0.000325605
16.8819 0.000345947
16.8889 0.00033914
16.8958 0.000345944
16.9028 0.000352724
16.9097 0.000345942
16.9167 0.00056291
16.9236 0.00056291
16.9306 0.000583313
16.9375 1.10029e-07
16.9444 1.37011e-05
16.9514 -1.34555e-05
16.9583 -3.37886e-05
16.9653 -4.05705e-05
16.9722 1.15617e-07
16.9792 1.51735e-07
16.9861 2.04667e-05
16.9931 4.7597e-05
17 0.000434128
