--stream stream-by-wavelet-norm-miranda-viscosity.txt
--stream-type by_wavelet_norm
--subsampling-factor 64
--dataset C:\Users\pavol\OneDrive\resolution-precision-test-data\miranda-viscosity-384x384-float64.json
--quantity histogram
--histogram-dist emd
--num-bins 256
--transform cdf53
--nlevels 3
--bits-quantize 16
--group-size 4 4 1

Bytes Errors 2448
0.00694444 19.1296
0.0138889 17.6219
0.0208333 16.7168
0.0277778 16.2367
0.0347222 16.222
0.0416667 16.222
0.0486111 16.222
0.0555556 16.222
0.0625 16.222
0.0694444 8.16897
0.0763889 6.21306
0.0833333 7.77707
0.0902778 7.77468
0.0972222 7.77468
0.104167 7.7634
0.111111 6.70098
0.118056 2.63597
0.125 4.52594
0.131944 4.52594
0.138889 4.52594
0.145833 4.52594
0.152778 4.52594
0.159722 4.52594
0.166667 4.52594
0.173611 4.52594
0.180556 4.52594
0.1875 4.52594
0.194444 4.52594
0.201389 4.52594
0.208333 4.52594
0.215278 4.52594
0.222222 4.52594
0.229167 4.52594
0.236111 4.52594
0.243056 4.52594
0.25 4.52594
0.256944 4.52594
0.263889 4.52594
0.270833 4.49614
0.277778 4.49811
0.284722 4.50571
0.291667 4.5053
0.298611 3.73499
0.305556 1.02072
0.3125 2.81718
0.319444 2.81718
0.326389 2.81718
0.333333 2.81718
0.340278 2.81718
0.347222 2.81718
0.354167 2.81718
0.361111 2.81718
0.368056 2.81718
0.375 2.81718
0.381944 2.81718
0.388889 2.81718
0.395833 2.81718
0.402778 2.81718
0.409722 2.81718
0.416667 2.81718
0.423611 2.81718
0.430556 2.81718
0.4375 2.81718
0.444444 2.81718
0.451389 2.81718
0.458333 2.81718
0.465278 2.81718
0.472222 2.81718
0.479167 2.81718
0.486111 2.81718
0.493056 2.81718
0.5 2.81718
0.506944 2.81718
0.513889 2.81718
0.520833 2.81718
0.527778 2.81718
0.534722 2.81718
0.541667 2.81718
0.548611 2.81718
0.555556 2.81718
0.5625 2.81718
0.569444 2.81718
0.576389 2.81718
0.583333 2.81718
0.590278 2.81718
0.597222 2.81718
0.604167 2.81718
0.611111 2.81718
0.618056 2.81718
0.625 2.81718
0.631944 2.81718
0.638889 2.81718
0.645833 2.81718
0.652778 2.81718
0.659722 2.81718
0.666667 2.81718
0.673611 2.81718
0.680556 2.81718
0.6875 2.81718
0.694444 2.81718
0.701389 2.81718
0.708333 2.81718
0.715278 2.81718
0.722222 2.81718
0.729167 2.81718
0.736111 2.81718
0.743056 2.81718
0.75 2.81718
0.756944 2.81718
0.763889 2.81718
0.770833 2.81718
0.777778 2.81718
0.784722 2.81718
0.791667 2.81718
0.798611 2.81718
0.805556 2.81718
0.8125 2.81718
0.819444 2.81718
0.826389 2.81718
0.833333 2.81718
0.840278 2.81718
0.847222 2.81718
0.854167 2.81718
0.861111 2.81718
0.868056 2.81718
0.875 2.81718
0.881944 2.81718
0.888889 2.81718
0.895833 2.81718
0.902778 2.81718
0.909722 2.81718
0.916667 2.81718
0.923611 2.81718
0.930556 2.81718
0.9375 2.81718
0.944444 2.81718
0.951389 2.81718
0.958333 2.79483
0.965278 2.78584
0.972222 2.76569
0.979167 2.76742
0.986111 2.28475
0.993056 0.797275
1 1.32651
1.00694 1.32651
1.01389 1.32651
1.02083 1.32651
1.02778 1.32651
1.03472 1.32651
1.04167 1.32651
1.04861 1.32651
1.05556 1.32651
1.0625 1.32651
1.06944 1.32651
1.07639 1.32651
1.08333 1.32651
1.09028 1.32651
1.09722 1.32418
1.10417 1.32418
1.11111 1.32418
1.11806 1.32418
1.125 1.32418
1.13194 1.32418
1.13889 1.32418
1.14583 1.32451
1.15278 1.32451
1.15972 1.32451
1.16667 1.32451
1.17361 1.32451
1.18056 1.32451
1.1875 1.32037
1.19444 1.31987
1.20139 1.31862
1.20833 1.31862
1.21528 1.31862
1.22222 1.31862
1.22917 1.31862
1.23611 1.31862
1.24306 1.31862
1.25 1.31862
1.25694 1.31862
1.26389 1.31862
1.27083 1.31862
1.27778 1.31862
1.28472 1.31862
1.29167 1.31862
1.29861 1.31862
1.30556 1.31862
1.3125 1.31862
1.31944 1.31862
1.32639 1.31862
1.33333 1.31862
1.34028 1.31862
1.34722 1.31862
1.35417 1.31862
1.36111 1.31862
1.36806 1.31862
1.375 1.31862
1.38194 1.31862
1.38889 1.31862
1.39583 1.31862
1.40278 1.31862
1.40972 1.31862
1.41667 1.31862
1.42361 1.31862
1.43056 1.31862
1.4375 1.31862
1.44444 1.31862
1.45139 1.31862
1.45833 1.31862
1.46528 1.31862
1.47222 1.31862
1.47917 1.31862
1.48611 1.31862
1.49306 1.31862
1.5 1.31862
1.50694 1.31862
1.51389 1.31862
1.52083 1.31862
1.52778 1.31862
1.53472 1.31862
1.54167 1.31862
1.54861 1.31862
1.55556 1.31862
1.5625 1.31862
1.56944 1.31862
1.57639 1.31862
1.58333 1.31862
1.59028 1.31862
1.59722 1.31862
1.60417 1.31862
1.61111 1.31862
1.61806 1.31862
1.625 1.31862
1.63194 1.31862
1.63889 1.31862
1.64583 1.31862
1.65278 1.31862
1.65972 1.31862
1.66667 1.31862
1.67361 1.31862
1.68056 1.31862
1.6875 1.31862
1.69444 1.31862
1.70139 1.31862
1.70833 1.30403
1.71528 1.28496
1.72222 1.27616
1.72917 1.2778
1.73611 1.25317
1.74306 1.25317
1.75 1.25317
1.75694 1.25317
1.76389 1.25317
1.77083 1.25317
1.77778 1.25317
1.78472 1.25317
1.79167 1.25317
1.79861 1.25317
1.80556 1.25317
1.8125 1.25317
1.81944 1.25317
1.82639 1.25317
1.83333 1.25317
1.84028 1.25317
1.84722 1.25317
1.85417 1.25317
1.86111 1.25317
1.86806 1.25317
1.875 1.25317
1.88194 1.25317
1.88889 1.25317
1.89583 1.25317
1.90278 1.25317
1.90972 1.25317
1.91667 1.25317
1.92361 1.25317
1.93056 1.25317
1.9375 1.25317
1.94444 1.25317
1.95139 1.25317
1.95833 1.25317
1.96528 1.25317
1.97222 1.25317
1.97917 1.25317
1.98611 1.05768
1.99306 0.564453
2 0.833062
2.00694 0.833062
2.01389 0.833062
2.02083 0.833062
2.02778 0.833062
2.03472 0.833062
2.04167 0.833062
2.04861 0.833062
2.05556 0.833062
2.0625 0.833062
2.06944 0.833293
2.07639 0.833293
2.08333 0.832648
2.09028 0.829596
2.09722 0.827453
2.10417 0.827399
2.11111 0.825527
2.11806 0.821858
2.125 0.819702
2.13194 0.818868
2.13889 0.818657
2.14583 0.818488
2.15278 0.818312
2.15972 0.819227
2.16667 0.818861
2.17361 0.819091
2.18056 0.819207
2.1875 0.811266
2.19444 0.803737
2.20139 0.802599
2.20833 0.796793
2.21528 0.796793
2.22222 0.796793
2.22917 0.796793
2.23611 0.796793
2.24306 0.796793
2.25 0.796793
2.25694 0.796793
2.26389 0.796793
2.27083 0.796793
2.27778 0.796793
2.28472 0.796793
2.29167 0.796793
2.29861 0.796793
2.30556 0.796793
2.3125 0.796793
2.31944 0.796793
2.32639 0.796793
2.33333 0.796793
2.34028 0.796793
2.34722 0.796793
2.35417 0.796793
2.36111 0.796793
2.36806 0.796793
2.375 0.796793
2.38194 0.796793
2.38889 0.796793
2.39583 0.796793
2.40278 0.796793
2.40972 0.796793
2.41667 0.796793
2.42361 0.796793
2.43056 0.796793
2.4375 0.796793
2.44444 0.796793
2.45139 0.796793
2.45833 0.796793
2.46528 0.796793
2.47222 0.796793
2.47917 0.796793
2.48611 0.796793
2.49306 0.796793
2.5 0.796793
2.50694 0.796793
2.51389 0.796793
2.52083 0.796793
2.52778 0.796793
2.53472 0.796793
2.54167 0.796793
2.54861 0.796793
2.55556 0.796793
2.5625 0.796793
2.56944 0.796793
2.57639 0.796793
2.58333 0.796793
2.59028 0.796793
2.59722 0.796793
2.60417 0.796793
2.61111 0.796793
2.61806 0.796793
2.625 0.796793
2.63194 0.796793
2.63889 0.796793
2.64583 0.796793
2.65278 0.796793
2.65972 0.796793
2.66667 0.796793
2.67361 0.796793
2.68056 0.796793
2.6875 0.796793
2.69444 0.796793
2.70139 0.796793
2.70833 0.773783
2.71528 0.752793
2.72222 0.749769
2.72917 0.742499
2.73611 0.726861
2.74306 0.726861
2.75 0.726861
2.75694 0.726861
2.76389 0.726861
2.77083 0.726861
2.77778 0.726861
2.78472 0.726861
2.79167 0.726861
2.79861 0.726861
2.80556 0.726861
2.8125 0.726861
2.81944 0.726861
2.82639 0.726861
2.83333 0.726861
2.84028 0.726861
2.84722 0.726861
2.85417 0.726861
2.86111 0.726861
2.86806 0.726861
2.875 0.726861
2.88194 0.726861
2.88889 0.726861
2.89583 0.726861
2.90278 0.726861
2.90972 0.726861
2.91667 0.726861
2.92361 0.726861
2.93056 0.726861
2.9375 0.726861
2.94444 0.726861
2.95139 0.726861
2.95833 0.726861
2.96528 0.726861
2.97222 0.726861
2.97917 0.726861
2.98611 0.628119
2.99306 0.379381
3 0.430834
3.00694 0.430834
3.01389 0.430834
3.02083 0.430834
3.02778 0.430834
3.03472 0.430834
3.04167 0.430834
3.04861 0.430834
3.05556 0.430834
3.0625 0.430834
3.06944 0.428914
3.07639 0.426927
3.08333 0.424425
3.09028 0.421061
3.09722 0.418457
3.10417 0.414876
3.11111 0.412164
3.11806 0.408691
3.125 0.407416
3.13194 0.404392
3.13889 0.401205
3.14583 0.397352
3.15278 0.39704
3.15972 0.393467
3.16667 0.392117
3.17361 0.392687
3.18056 0.394274
3.1875 0.383111
3.19444 0.375434
3.20139 0.372396
3.20833 0.370578
3.21528 0.370578
3.22222 0.370578
3.22917 0.370578
3.23611 0.370578
3.24306 0.370578
3.25 0.370578
3.25694 0.370578
3.26389 0.370578
3.27083 0.370578
3.27778 0.370578
3.28472 0.370578
3.29167 0.370734
3.29861 0.370734
3.30556 0.370734
3.3125 0.370734
3.31944 0.370734
3.32639 0.370734
3.33333 0.370734
3.34028 0.370734
3.34722 0.370734
3.35417 0.370734
3.36111 0.370734
3.36806 0.370734
3.375 0.370734
3.38194 0.370734
3.38889 0.370734
3.39583 0.370734
3.40278 0.370734
3.40972 0.370734
3.41667 0.370734
3.42361 0.370734
3.43056 0.370734
3.4375 0.370734
3.44444 0.370734
3.45139 0.370734
3.45833 0.370734
3.46528 0.370734
3.47222 0.370734
3.47917 0.370734
3.48611 0.370734
3.49306 0.370734
3.5 0.370734
3.50694 0.370734
3.51389 0.370734
3.52083 0.370734
3.52778 0.370734
3.53472 0.370734
3.54167 0.370734
3.54861 0.370734
3.55556 0.370734
3.5625 0.370734
3.56944 0.370734
3.57639 0.370734
3.58333 0.370734
3.59028 0.370734
3.59722 0.370734
3.60417 0.370734
3.61111 0.370734
3.61806 0.370734
3.625 0.370734
3.63194 0.370734
3.63889 0.370734
3.64583 0.370734
3.65278 0.370734
3.65972 0.370734
3.66667 0.370734
3.67361 0.370734
3.68056 0.370734
3.6875 0.370734
3.69444 0.370734
3.70139 0.370734
3.70833 0.370823
3.71528 0.367039
3.72222 0.364556
3.72917 0.364285
3.73611 0.357795
3.74306 0.357795
3.75 0.357795
3.75694 0.357795
3.76389 0.357795
3.77083 0.357795
3.77778 0.357795
3.78472 0.357795
3.79167 0.357795
3.79861 0.357795
3.80556 0.357795
3.8125 0.357795
3.81944 0.357795
3.82639 0.357795
3.83333 0.357795
3.84028 0.357795
3.84722 0.357795
3.85417 0.357795
3.86111 0.357795
3.86806 0.357795
3.875 0.357795
3.88194 0.357795
3.88889 0.357795
3.89583 0.357795
3.90278 0.357795
3.90972 0.357795
3.91667 0.357795
3.92361 0.357795
3.93056 0.357795
3.9375 0.357795
3.94444 0.357795
3.95139 0.357795
3.95833 0.357795
3.96528 0.357795
3.97222 0.357795
3.97917 0.357795
3.98611 0.313083
3.99306 0.211894
4 0.235514
4.00694 0.235514
4.01389 0.235514
4.02083 0.235514
4.02778 0.235514
4.03472 0.235514
4.04167 0.235514
4.04861 0.235514
4.05556 0.235514
4.0625 0.235514
4.06944 0.232286
4.07639 0.227871
4.08333 0.223341
4.09028 0.222174
4.09722 0.220574
4.10417 0.217922
4.11111 0.215047
4.11806 0.211249
4.125 0.208123
4.13194 0.204692
4.13889 0.204298
4.14583 0.200506
4.15278 0.199001
4.15972 0.197496
4.16667 0.19475
4.17361 0.195028
4.18056 0.194071
4.1875 0.184075
4.19444 0.180874
4.20139 0.18141
4.20833 0.179633
4.21528 0.179633
4.22222 0.179633
4.22917 0.179775
4.23611 0.179775
4.24306 0.179775
4.25 0.179775
4.25694 0.179775
4.26389 0.179775
4.27083 0.179775
4.27778 0.179775
4.28472 0.179857
4.29167 0.179938
4.29861 0.179938
4.30556 0.179938
4.3125 0.179938
4.31944 0.179986
4.32639 0.179986
4.33333 0.180542
4.34028 0.180894
4.34722 0.181091
4.35417 0.181091
4.36111 0.181091
4.36806 0.181091
4.375 0.181091
4.38194 0.181091
4.38889 0.181091
4.39583 0.181661
4.40278 0.181661
4.40972 0.181606
4.41667 0.181606
4.42361 0.181606
4.43056 0.181606
4.4375 0.181762
4.44444 0.181762
4.45139 0.181762
4.45833 0.181762
4.46528 0.181762
4.47222 0.181762
4.47917 0.181762
4.48611 0.181762
4.49306 0.181762
4.5 0.181762
4.50694 0.181762
4.51389 0.182027
4.52083 0.182122
4.52778 0.182122
4.53472 0.182122
4.54167 0.182122
4.54861 0.182122
4.55556 0.18221
4.5625 0.18221
4.56944 0.182224
4.57639 0.182224
4.58333 0.182224
4.59028 0.182224
4.59722 0.1824
4.60417 0.1824
4.61111 0.1824
4.61806 0.1824
4.625 0.182332
4.63194 0.182332
4.63889 0.182332
4.64583 0.182332
4.65278 0.182332
4.65972 0.182332
4.66667 0.182278
4.67361 0.182278
4.68056 0.182278
4.6875 0.182278
4.69444 0.182278
4.70139 0.182149
4.70833 0.180786
4.71528 0.180189
4.72222 0.178643
4.72917 0.178704
4.73611 0.175957
4.74306 0.175957
4.75 0.175957
4.75694 0.175957
4.76389 0.175957
4.77083 0.175957
4.77778 0.175957
4.78472 0.175957
4.79167 0.175957
4.79861 0.175957
4.80556 0.175957
4.8125 0.175957
4.81944 0.175957
4.82639 0.175957
4.83333 0.175957
4.84028 0.175957
4.84722 0.175957
4.85417 0.175957
4.86111 0.175957
4.86806 0.175957
4.875 0.175957
4.88194 0.175957
4.88889 0.175957
4.89583 0.175957
4.90278 0.175957
4.90972 0.175957
4.91667 0.175957
4.92361 0.175957
4.93056 0.175957
4.9375 0.175957
4.94444 0.175957
4.95139 0.175957
4.95833 0.175957
4.96528 0.175957
4.97222 0.175957
4.97917 0.175957
4.98611 0.151346
4.99306 0.0835299
5 0.117717
5.00694 0.117717
5.01389 0.117717
5.02083 0.117717
5.02778 0.117717
5.03472 0.117717
5.04167 0.117717
5.04861 0.117723
5.05556 0.117723
5.0625 0.11775
5.06944 0.116353
5.07639 0.116293
5.08333 0.114129
5.09028 0.112373
5.09722 0.111118
5.10417 0.109192
5.11111 0.10713
5.11806 0.105516
5.125 0.104784
5.13194 0.104852
5.13889 0.104662
5.14583 0.10319
5.15278 0.101963
5.15972 0.101698
5.16667 0.101841
5.17361 0.101644
5.18056 0.101108
5.1875 0.0958185
5.19444 0.0946181
5.20139 0.0928548
5.20833 0.0926039
5.21528 0.0926039
5.22222 0.0926039
5.22917 0.0927057
5.23611 0.0927125
5.24306 0.0927125
5.25 0.0927125
5.25694 0.0927125
5.26389 0.0927057
5.27083 0.0927057
5.27778 0.0926921
5.28472 0.0927261
5.29167 0.0928684
5.29861 0.0929024
5.30556 0.0929973
5.3125 0.0932211
5.31944 0.0931601
5.32639 0.0931669
5.33333 0.0929227
5.34028 0.0930447
5.34722 0.0931668
5.35417 0.0931668
5.36111 0.0931125
5.36806 0.0929972
5.375 0.0929972
5.38194 0.0931193
5.38889 0.0931261
5.39583 0.0934517
5.40278 0.0934517
5.40972 0.093567
5.41667 0.0939331
5.42361 0.0941163
5.43056 0.0941909
5.4375 0.0942587
5.44444 0.0942722
5.45139 0.0943197
5.45833 0.0943605
5.46528 0.0941367
5.47222 0.0940553
5.47917 0.0940553
5.48611 0.0940417
5.49306 0.0940417
5.5 0.0940417
5.50694 0.0940417
5.51389 0.0941231
5.52083 0.0935467
5.52778 0.0936213
5.53472 0.0936213
5.54167 0.0935128
5.54861 0.0935264
5.55556 0.0935806
5.5625 0.0938518
5.56944 0.0938245
5.57639 0.0938245
5.58333 0.0937975
5.59028 0.0938314
5.59722 0.0936551
5.60417 0.0936349
5.61111 0.0935941
5.61806 0.093567
5.625 0.0934991
5.63194 0.0934991
5.63889 0.0934991
5.64583 0.0935602
5.65278 0.0934586
5.65972 0.0933566
5.66667 0.0933024
5.67361 0.0932686
5.68056 0.0931805
5.6875 0.0933093
5.69444 0.0934585
5.70139 0.0956964
5.70833 0.0956965
5.71528 0.0946453
5.72222 0.0946045
5.72917 0.0960287
5.73611 0.09217
5.74306 0.09217
5.75 0.09217
5.75694 0.09217
5.76389 0.09217
5.77083 0.09217
5.77778 0.09217
5.78472 0.09217
5.79167 0.09217
5.79861 0.09217
5.80556 0.09217
5.8125 0.09217
5.81944 0.09217
5.82639 0.09217
5.83333 0.09217
5.84028 0.09217
5.84722 0.09217
5.85417 0.09217
5.86111 0.09217
5.86806 0.09217
5.875 0.09217
5.88194 0.09217
5.88889 0.09217
5.89583 0.09217
5.90278 0.09217
5.90972 0.09217
5.91667 0.09217
5.92361 0.09217
5.93056 0.09217
5.9375 0.09217
5.94444 0.09217
5.95139 0.09217
5.95833 0.09217
5.96528 0.09217
5.97222 0.09217
5.97917 0.09217
5.98611 0.079807
5.99306 0.0475531
6 0.0601467
6.00694 0.0601738
6.01389 0.0601602
6.02083 0.0601602
6.02778 0.0600788
6.03472 0.0602076
6.04167 0.0603095
6.04861 0.0603976
6.05556 0.0602483
6.0625 0.0604518
6.06944 0.0594142
6.07639 0.0587498
6.08333 0.0573798
6.09028 0.0566065
6.09722 0.0560437
6.10417 0.0553857
6.11111 0.0547074
6.11806 0.0543347
6.125 0.0550672
6.13194 0.0551757
6.13889 0.0538534
6.14583 0.053304
6.15278 0.0533447
6.15972 0.0532767
6.16667 0.0534125
6.17361 0.0524698
6.18056 0.0528767
6.1875 0.0509779
6.19444 0.0511814
6.20139 0.0503404
6.20833 0.0498792
6.21528 0.0499334
6.22222 0.049913
6.22917 0.0497098
6.23611 0.0494792
6.24306 0.0494451
6.25 0.04973
6.25694 0.0497504
6.26389 0.0498588
6.27083 0.0496283
6.27778 0.0495809
6.28472 0.0497572
6.29167 0.0495605
6.29861 0.0495605
6.30556 0.049608
6.3125 0.0498046
6.31944 0.049669
6.32639 0.0497912
6.33333 0.0496555
6.34028 0.0494317
6.34722 0.0494181
6.35417 0.0494994
6.36111 0.0495197
6.36806 0.0495265
6.375 0.0496621
6.38194 0.0494385
6.38889 0.0492146
6.39583 0.0490248
6.40278 0.0491943
6.40972 0.049201
6.41667 0.0492958
6.42361 0.0492417
6.43056 0.0491603
6.4375 0.0489639
6.44444 0.0490248
6.45139 0.0490316
6.45833 0.0490178
6.46528 0.0487057
6.47222 0.0486041
6.47917 0.0484957
6.48611 0.048421
6.49306 0.0485432
6.5 0.0481499
6.50694 0.0479803
6.51389 0.0476547
6.52083 0.0479939
6.52778 0.0477498
6.53472 0.0476615
6.54167 0.0475057
6.54861 0.0473226
6.55556 0.0471734
6.5625 0.0469562
6.56944 0.046997
6.57639 0.0470375
6.58333 0.0469223
6.59028 0.0468478
6.59722 0.0465698
6.60417 0.0464747
6.61111 0.0462509
6.61806 0.0462306
6.625 0.0461832
6.63194 0.0461154
6.63889 0.0459187
6.64583 0.0460746
6.65278 0.0460746
6.65972 0.0460408
6.66667 0.0459866
6.67361 0.0457087
6.68056 0.0457491
6.6875 0.0455253
6.69444 0.0456474
6.70139 0.0465087
6.70833 0.0457421
6.71528 0.0453423
6.72222 0.0459526
6.72917 0.0464338
6.73611 0.0452473
6.74306 0.0452473
6.75 0.0452473
6.75694 0.0452473
6.76389 0.0452473
6.77083 0.0452473
6.77778 0.0452473
6.78472 0.0452473
6.79167 0.0452473
6.79861 0.0452473
6.80556 0.0452473
6.8125 0.0452473
6.81944 0.0452473
6.82639 0.0452473
6.83333 0.0452473
6.84028 0.0452473
6.84722 0.0452473
6.85417 0.0452473
6.86111 0.0452473
6.86806 0.0452473
6.875 0.0452473
6.88194 0.0452473
6.88889 0.0452473
6.89583 0.0452473
6.90278 0.0452473
6.90972 0.0452473
6.91667 0.0452473
6.92361 0.0452473
6.93056 0.0452473
6.9375 0.0452473
6.94444 0.0452473
6.95139 0.0452473
6.95833 0.0452473
6.96528 0.0452473
6.97222 0.0452473
6.97917 0.0452473
6.98611 0.0401407
6.99306 0.026523
7 0.0348104
7.00694 0.0347358
7.01389 0.0346273
7.02083 0.0348375
7.02778 0.0350749
7.03472 0.0350478
7.04167 0.0351563
7.04861 0.0351969
7.05556 0.0350206
7.0625 0.0351766
7.06944 0.0352647
7.07639 0.0358073
7.08333 0.0358209
7.09028 0.0359497
7.09722 0.0365736
7.10417 0.0363227
7.11111 0.0366415
7.11806 0.0368042
7.125 0.0365532
7.13194 0.0366346
7.13889 0.0367025
7.14583 0.0359497
7.15278 0.0361803
7.15972 0.0368652
7.16667 0.0367432
7.17361 0.0367974
7.18056 0.0365126
7.1875 0.0354275
7.19444 0.0355564
7.20139 0.0351292
7.20833 0.035441
7.21528 0.0354004
7.22222 0.0352038
7.22917 0.0351359
7.23611 0.0349529
7.24306 0.0347765
7.25 0.0344035
7.25694 0.0343086
7.26389 0.0342137
7.27083 0.0341255
7.27778 0.0342407
7.28472 0.033983
7.29167 0.0337592
7.29861 0.03361
7.30556 0.0331489
7.3125 0.0332032
7.31944 0.0331015
7.32639 0.0328912
7.33333 0.0327963
7.34028 0.0326945
7.34722 0.0326267
7.35417 0.0325589
7.36111 0.0323419
7.36806 0.0322606
7.375 0.0319011
7.38194 0.0316298
7.38889 0.0316841
7.39583 0.0316772
7.40278 0.0317382
7.40972 0.0315348
7.41667 0.0312975
7.42361 0.0312703
7.43056 0.0311415
7.4375 0.0306534
7.44444 0.030348
7.45139 0.0301378
7.45833 0.0300564
7.46528 0.0298597
7.47222 0.0296835
7.47917 0.0295004
7.48611 0.0293444
7.49306 0.0293512
7.5 0.0291071
7.50694 0.0285916
7.51389 0.0280694
7.52083 0.0278524
7.52778 0.0276896
7.53472 0.0277099
7.54167 0.0276421
7.54861 0.0279609
7.55556 0.0279338
7.5625 0.0279881
7.56944 0.0278254
7.57639 0.0276829
7.58333 0.0272963
7.59028 0.0269641
7.59722 0.0272692
7.60417 0.0273642
7.61111 0.0272217
7.61806 0.0270658
7.625 0.0270929
7.63194 0.0272828
7.63889 0.027493
7.64583 0.0274523
7.65278 0.0274116
7.65972 0.0270589
7.66667 0.0269029
7.67361 0.0272014
7.68056 0.0269099
7.6875 0.026869
7.69444 0.0268692
7.70139 0.0271064
7.70833 0.0267946
7.71528 0.0269912
7.72222 0.0268013
7.72917 0.0268555
7.73611 0.0261299
7.74306 0.0261299
7.75 0.0261299
7.75694 0.0261299
7.76389 0.0261299
7.77083 0.0261299
7.77778 0.0261299
7.78472 0.0261299
7.79167 0.0261299
7.79861 0.0261299
7.80556 0.0261299
7.8125 0.0261299
7.81944 0.0261299
7.82639 0.0261299
7.83333 0.0261299
7.84028 0.0261299
7.84722 0.0261299
7.85417 0.0261299
7.86111 0.0261299
7.86806 0.0261299
7.875 0.0261299
7.88194 0.0261299
7.88889 0.0261299
7.89583 0.0261299
7.90278 0.0261299
7.90972 0.0261299
7.91667 0.0261299
7.92361 0.0261299
7.93056 0.0261299
7.9375 0.0261299
7.94444 0.0261299
7.95139 0.0261299
7.95833 0.0261299
7.96528 0.0261299
7.97222 0.0261299
7.97917 0.0261299
7.98611 0.0240682
7.99306 0.0180325
8 0.0197211
8.00694 0.0196328
8.01389 0.0194294
8.02083 0.019816
8.02778 0.0199177
8.03472 0.0199314
8.04167 0.0195311
8.04861 0.0194565
8.05556 0.0193345
8.0625 0.0193887
8.06944 0.0195312
8.07639 0.0200941
8.08333 0.0201008
8.09028 0.0197957
8.09722 0.0194363
8.10417 0.019694
8.11111 0.0196872
8.11806 0.0193278
8.125 0.0198635
8.13194 0.0196533
8.13889 0.019443
8.14583 0.0195516
8.15278 0.0195041
8.15972 0.0198499
8.16667 0.0197278
8.17361 0.0200127
8.18056 0.01985
8.1875 0.0190294
8.19444 0.0191446
8.20139 0.0189955
8.20833 0.0185343
8.21528 0.0186496
8.22222 0.0185411
8.22917 0.0185276
8.23611 0.0183105
8.24306 0.0182969
8.25 0.0182019
8.25694 0.0183443
8.26389 0.0183647
8.27083 0.0183581
8.27778 0.0182561
8.28472 0.018324
8.29167 0.0182766
8.29861 0.0183716
8.30556 0.0182834
8.3125 0.0182155
8.31944 0.017985
8.32639 0.0175983
8.33333 0.0178561
8.34028 0.0179037
8.34722 0.0182563
8.35417 0.0182697
8.36111 0.018202
8.36806 0.0184597
8.375 0.0181274
8.38194 0.0180595
8.38889 0.0180664
8.39583 0.0179512
8.40278 0.0180866
8.40972 0.0181274
8.41667 0.0181002
8.42361 0.0181546
8.43056 0.0182495
8.4375 0.0182833
8.44444 0.0180052
8.45139 0.0181818
8.45833 0.018046
8.46528 0.0180257
8.47222 0.017951
8.47917 0.0180324
8.48611 0.0178357
8.49306 0.0177407
8.5 0.0175441
8.50694 0.0175441
8.51389 0.0178019
8.52083 0.0174899
8.52778 0.0174084
8.53472 0.0177206
8.54167 0.0178494
8.54861 0.0172457
8.55556 0.0174696
8.5625 0.0174763
8.56944 0.0176458
8.57639 0.0177612
8.58333 0.0175103
8.59028 0.0174289
8.59722 0.0171034
8.60417 0.0170423
8.61111 0.0166625
8.61806 0.0166355
8.625 0.0166693
8.63194 0.0164795
8.63889 0.0166083
8.64583 0.016371
8.65278 0.0161268
8.65972 0.0159641
8.66667 0.0163302
8.67361 0.016215
8.68056 0.0160047
8.6875 0.0162149
8.69444 0.0160251
8.70139 0.0158624
8.70833 0.0161947
8.71528 0.015686
8.72222 0.0152112
8.72917 0.0161065
8.73611 0.0157741
8.74306 0.0157741
8.75 0.0157741
8.75694 0.0157741
8.76389 0.0157741
8.77083 0.0157741
8.77778 0.0157741
8.78472 0.0157741
8.79167 0.0157741
8.79861 0.0157741
8.80556 0.0157741
8.8125 0.0157741
8.81944 0.0157741
8.82639 0.0157741
8.83333 0.0157741
8.84028 0.0157741
8.84722 0.0157809
8.85417 0.0157809
8.86111 0.0157809
8.86806 0.0157809
8.875 0.0157809
8.88194 0.0157809
8.88889 0.0157809
8.89583 0.0157809
8.90278 0.0157809
8.90972 0.0157809
8.91667 0.0157809
8.92361 0.0157809
8.93056 0.0157809
8.9375 0.0157809
8.94444 0.0157809
8.95139 0.0157809
8.95833 0.0157809
8.96528 0.0157809
8.97222 0.0157809
8.97917 0.0157809
8.98611 0.0151434
8.99306 0.0134888
9 0.0146892
9.00694 0.0146417
9.01389 0.0143637
9.02083 0.0146011
9.02778 0.0149062
9.03472 0.0147773
9.04167 0.0145128
9.04861 0.0139771
9.05556 0.0141059
9.0625 0.0138007
9.06944 0.0137126
9.07639 0.0135024
9.08333 0.0131294
9.09028 0.0132175
9.09722 0.0131429
9.10417 0.0133803
9.11111 0.0132786
9.11806 0.0130413
9.125 0.0138618
9.13194 0.0139229
9.13889 0.0138483
9.14583 0.0136245
9.15278 0.013733
9.15972 0.0138618
9.16667 0.0135702
9.17361 0.0138619
9.18056 0.0138618
9.1875 0.0137261
9.19444 0.0141941
9.20139 0.0140042
9.20833 0.0139771
9.21528 0.0140856
9.22222 0.0142619
9.22917 0.0144992
9.23611 0.0141331
9.24306 0.0137805
9.25 0.0137398
9.25694 0.0136517
9.26389 0.0134346
9.27083 0.0134957
9.27778 0.012926
9.28472 0.0130548
9.29167 0.0128174
9.29861 0.0126275
9.30556 0.0126005
9.3125 0.0125123
9.31944 0.0124648
9.32639 0.0129124
9.33333 0.0130276
9.34028 0.0127631
9.34722 0.0129531
9.35417 0.0129802
9.36111 0.0127428
9.36806 0.0130209
9.375 0.0128242
9.38194 0.0127497
9.38889 0.0125462
9.39583 0.0126614
9.40278 0.0125597
9.40972 0.012736
9.41667 0.0127428
9.42361 0.0128852
9.43056 0.0126411
9.4375 0.0124987
9.44444 0.012458
9.45139 0.0124919
9.45833 0.012397
9.46528 0.0120579
9.47222 0.0120646
9.47917 0.0120037
9.48611 0.0119764
9.49306 0.0118612
9.5 0.0120646
9.50694 0.0123563
9.51389 0.0122816
9.52083 0.0123698
9.52778 0.0125326
9.53472 0.0123766
9.54167 0.0122545
9.54861 0.0121799
9.55556 0.0122478
9.5625 0.0122275
9.56944 0.0119562
9.57639 0.0117934
9.58333 0.0120578
9.59028 0.0118611
9.59722 0.0116917
9.60417 0.0115154
9.61111 0.0115018
9.61806 0.0114339
9.625 0.0112373
9.63194 0.0109796
9.63889 0.0111898
9.64583 0.0113255
9.65278 0.0110746
9.65972 0.0107693
9.66667 0.0109254
9.67361 0.0106948
9.68056 0.0107083
9.6875 0.0104167
9.69444 0.0105591
9.70139 0.0108507
9.70833 0.0108914
9.71528 0.0106948
9.72222 0.0102268
9.72917 0.0105999
9.73611 0.0105048
9.74306 0.0105048
9.75 0.010498
9.75694 0.010498
9.76389 0.010498
9.77083 0.010498
9.77778 0.010498
9.78472 0.010498
9.79167 0.010498
9.79861 0.010498
9.80556 0.010498
9.8125 0.0105183
9.81944 0.0105183
9.82639 0.0105183
9.83333 0.0105183
9.84028 0.0105183
9.84722 0.0105048
9.85417 0.0105319
9.86111 0.0105319
9.86806 0.0105387
9.875 0.0105387
9.88194 0.0105387
9.88889 0.0105387
9.89583 0.0105387
9.90278 0.0105387
9.90972 0.0105387
9.91667 0.0105387
9.92361 0.0105387
9.93056 0.0105387
9.9375 0.0105387
9.94444 0.0105387
9.95139 0.0105183
9.95833 0.0105183
9.96528 0.0105183
9.97222 0.0105183
9.97917 0.0105183
9.98611 0.0100234
9.99306 0.00909425
10 0.00862629
10.0069 0.00846354
10.0139 0.00805662
10.0208 0.00777182
10.0278 0.00800916
10.0347 0.00820581
10.0417 0.00797527
10.0486 0.00811768
10.0556 0.0083618
10.0625 0.00844319
10.0694 0.0084296
10.0764 0.00874838
10.0833 0.00877545
10.0903 0.00873478
10.0972 0.00874159
10.1042 0.00886365
10.1111 0.00866018
10.1181 0.00847028
10.125 0.00828716
10.1319 0.0083346
10.1389 0.0082465
10.1458 0.00812441
10.1528 0.0084093
10.1597 0.00834824
10.1667 0.00811768
10.1736 0.00818547
10.1806 0.00822616
10.1875 0.00830071
10.1944 0.00807696
10.2014 0.00823296
10.2083 0.00821938
10.2153 0.00828718
10.2222 0.00824652
10.2292 0.00807698
10.2361 0.00809732
10.2431 0.00813123
10.25 0.00832111
10.2569 0.00834823
10.2639 0.00849743
10.2708 0.00841605
10.2778 0.00828718
10.2847 0.00844996
10.2917 0.00842963
10.2986 0.00826689
10.3056 0.00846354
10.3125 0.00868735
10.3194 0.00857206
10.3264 0.00842282
10.3333 0.00804987
10.3403 0.00807699
10.3472 0.00811769
10.3542 0.00830076
10.3611 0.00822618
10.3681 0.00835504
10.375 0.00838212
10.3819 0.00824651
10.3889 0.00817869
10.3958 0.00811766
10.4028 0.00796843
10.4097 0.0081448
10.4167 0.00809731
10.4236 0.0081651
10.4306 0.00802941
10.4375 0.00778534
10.4444 0.00777856
10.4514 0.00771758
10.4583 0.00774464
10.4653 0.00745986
10.4722 0.00745306
10.4792 0.0073242
10.4861 0.00734454
10.4931 0.00722247
10.5 0.0072225
10.5069 0.00716144
10.5139 0.00726318
10.5208 0.00741917
10.5278 0.00718858
10.5347 0.00690375
10.5417 0.00700547
10.5486 0.00702583
10.5556 0.00688342
10.5625 0.0068495
10.5694 0.00672742
10.5764 0.00676812
10.5833 0.00636123
10.5903 0.00659182
10.5972 0.00661216
10.6042 0.00643582
10.6111 0.00639511
10.6181 0.00642903
10.625 0.00634085
10.6319 0.00653077
10.6389 0.00634766
10.6458 0.00636801
10.6528 0.00623238
10.6597 0.00595431
10.6667 0.00586616
10.6736 0.00602213
10.6806 0.00590008
10.6875 0.00588651
10.6944 0.00568986
10.7014 0.00598146
10.7083 0.00595435
10.7153 0.00591363
10.7222 0.00607638
10.7292 0.00606285
10.7361 0.00627305
10.7431 0.00628662
10.75 0.00626629
10.7569 0.00625951
10.7639 0.00625273
10.7708 0.00623916
10.7778 0.00623916
10.7847 0.00624594
10.7917 0.00624594
10.7986 0.0062595
10.8056 0.00624594
10.8125 0.00628663
10.8194 0.00628663
10.8264 0.00628663
10.8333 0.00629341
10.8403 0.00630019
10.8472 0.00630697
10.8542 0.00630019
10.8611 0.00629341
10.8681 0.00628661
10.875 0.00625948
10.8819 0.00625948
10.8889 0.00625948
10.8958 0.0062527
10.9028 0.0062527
10.9097 0.00620523
10.9167 0.00621879
10.9236 0.00624592
10.9306 0.00627306
10.9375 0.00626628
10.9444 0.00627306
10.9514 0.00627305
10.9583 0.00627305
10.9653 0.00628661
10.9722 0.0062595
10.9792 0.0062595
10.9861 0.00613066
10.9931 0.0057916
11 0.00655795
11.0069 0.0065037
11.0139 0.00659183
11.0208 0.00644267
11.0278 0.00633411
11.0347 0.00625278
11.0417 0.00634772
11.0486 0.0062595
11.0556 0.00569662
11.0625 0.00589334
11.0694 0.00596795
11.0764 0.00609
11.0833 0.00611032
11.0903 0.00632054
11.0972 0.00624596
11.1042 0.00642905
11.1111 0.0064765
11.1181 0.00625273
11.125 0.0062527
11.1319 0.00634091
11.1389 0.00645618
11.1458 0.00640192
11.1528 0.00634093
11.1597 0.00612395
11.1667 0.00608319
11.1736 0.00616463
11.1806 0.0061239
11.1875 0.00605606
11.1944 0.00612388
11.2014 0.00614424
11.2083 0.00612386
11.2153 0.00604252
11.2222 0.00579837
11.2292 0.00575094
11.2361 0.00568987
11.2431 0.00541186
11.25 0.00522192
11.2569 0.00518801
11.2639 0.00531687
11.2708 0.00519481
11.2778 0.00518802
11.2847 0.00507276
11.2917 0.0049032
11.2986 0.00487603
11.3056 0.00491001
11.3125 0.00462513
11.3194 0.00467257
11.3264 0.00474717
11.3333 0.00479476
11.3403 0.00482185
11.3472 0.00491681
11.3542 0.00527622
11.3611 0.00526261
11.3681 0.00515411
11.375 0.00517451
11.3819 0.00517447
11.3889 0.00521515
11.3958 0.0050117
11.4028 0.00486258
11.4097 0.00510665
11.4167 0.00509309
11.4236 0.0050795
11.4306 0.00488969
11.4375 0.00490314
11.4444 0.00486245
11.4514 0.00480141
11.4583 0.00474723
11.4653 0.00499814
11.4722 0.0050049
11.4792 0.00507947
11.4861 0.00517446
11.4931 0.00519478
11.5 0.00541181
11.5069 0.00541181
11.5139 0.00527618
11.5208 0.00536436
11.5278 0.00541183
11.5347 0.00524911
11.5417 0.00530337
11.5486 0.00528299
11.5556 0.00549996
11.5625 0.00539821
11.5694 0.00533039
11.5764 0.00512698
11.5833 0.0050727
11.5903 0.00507955
11.5972 0.00495747
11.6042 0.00493038
11.6111 0.00502529
11.6181 0.00492364
11.625 0.00497107
11.6319 0.00493713
11.6389 0.00508636
11.6458 0.00519478
11.6528 0.0049506
11.6597 0.00492362
11.6667 0.00482863
11.6736 0.0047404
11.6806 0.00470653
11.6875 0.00465906
11.6944 0.00469973
11.7014 0.00377064
11.7083 0.00386558
11.7153 0.00382492
11.7222 0.00384531
11.7292 0.00383168
11.7361 0.00460479
11.7431 0.00461157
11.75 0.00456414
11.7569 0.00457091
11.7639 0.00459804
11.7708 0.00457769
11.7778 0.00442849
11.7847 0.00437423
11.7917 0.00434711
11.7986 0.00434032
11.8056 0.00411653
11.8125 0.00412331
11.8194 0.00400123
11.8264 0.00400124
11.8333 0.00404192
11.8403 0.00404871
11.8472 0.00400798
11.8542 0.00402832
11.8611 0.00405544
11.8681 0.00413682
11.875 0.00409614
11.8819 0.00410292
11.8889 0.00402156
11.8958 0.00396053
11.9028 0.00385202
11.9097 0.00400797
11.9167 0.00399442
11.9236 0.00396051
11.9306 0.00396051
11.9375 0.00394695
11.9444 0.00391983
11.9514 0.00400121
11.9583 0.00414365
11.9653 0.00410974
11.9722 0.00417075
11.9792 0.00421143
11.9861 0.00444886
11.9931 0.0039809
12 0.00394699
12.0069 0.00387913
12.0139 0.00382488
12.0208 0.00367571
12.0278 0.00389269
12.0347 0.00380453
12.0417 0.00372992
12.0486 0.0037096
12.0556 0.00362823
12.0625 0.00373671
12.0694 0.00377742
12.0764 0.00368925
12.0833 0.00379097
12.0903 0.00375029
12.0972 0.0037503
12.1042 0.0032824
12.1111 0.00335696
12.1181 0.00337052
12.125 0.00343154
12.1319 0.00339761
12.1389 0.00339763
12.1458 0.00332303
12.1528 0.0034112
12.1597 0.00354004
12.1667 0.00374349
12.1736 0.00369602
12.1806 0.00387234
12.1875 0.00381809
12.1944 0.00379775
12.2014 0.00354004
12.2083 0.00354681
12.2153 0.00359428
12.2222 0.00356717
12.2292 0.00354005
12.2361 0.00347902
12.2431 0.00356038
12.25 0.00349259
12.2569 0.0034519
12.2639 0.00351291
12.2708 0.00357394
12.2778 0.00358752
12.2847 0.00357398
12.2917 0.00360107
12.2986 0.00350613
12.3056 0.00344511
12.3125 0.00342478
12.3194 0.00343833
12.3264 0.00335694
12.3333 0.00323486
12.3403 0.00332301
12.3472 0.00324164
12.3542 0.00323489
12.3611 0.00314671
12.3681 0.00316709
12.375 0.00299753
12.3819 0.00301783
12.3889 0.00300429
12.3958 0.00297714
12.4028 0.00289578
12.4097 0.00285509
12.4167 0.00272626
12.4236 0.00313999
12.4306 0.00297047
12.4375 0.00287546
12.4444 0.00276693
12.4514 0.00265846
12.4583 0.00271271
12.4653 0.00264491
12.4722 0.00254323
12.4792 0.00255668
12.4861 0.00246858
12.4931 0.00257029
12.5 0.00261098
12.5069 0.00258384
12.5139 0.00257702
12.5208 0.00256352
12.5278 0.0026313
12.5347 0.00269232
12.5417 0.00285509
12.5486 0.00115965
12.5556 0.00238041
12.5625 0.00113257
12.5694 0.00172257
12.5764 0.00173618
12.5833 0.00184468
12.5903 0.00115974
12.5972 0.00124109
12.6042 0.0013428
12.6111 0.0012004
12.6181 0.00116649
12.625 0.00231258
12.6319 0.00215661
12.6389 0.00114614
12.6458 0.00103088
12.6528 0.000969807
12.6597 0.00156665
12.6667 0.000868118
12.6736 0.00087491
12.6806 0.00146493
12.6875 0.00143098
12.6944 0.00160726
12.7014 0.00156661
12.7083 0.00161404
12.7153 0.000712086
12.7222 0.00294324
12.7292 0.00324168
12.7361 0.00147839
12.7431 0.0014377
12.75 0.00137669
12.7569 0.00137668
12.7639 0.00137666
12.7708 0.00141057
12.7778 0.00140382
12.7847 0.00182432
12.7917 0.0018243
12.7986 0.0017768
12.8056 0.00172935
12.8125 0.0012546
12.8194 0.00362824
12.8264 0.00354006
12.8333 0.00250924
12.8403 0.00248892
12.8472 0.0024889
12.8542 0.00250247
12.8611 0.00245502
12.8681 0.00247534
12.875 0.00254318
12.8819 0.00257031
12.8889 0.00255675
12.8958 0.00259743
12.9028 0.0025703
12.9097 0.00257708
12.9167 0.00261098
12.9236 0.00258386
12.9306 0.00255674
12.9375 0.00253639
12.9444 0.0025906
12.9514 0.00257703
12.9583 0.00266525
12.9653 0.00263134
12.9722 0.00269238
12.9792 0.00276698
12.9861 0.00204136
12.9931 0.00195997
13 0.00165476
13.0069 0.00236679
13.0139 0.00344513
13.0208 0.00333668
13.0278 0.00189894
13.0347 0.00188534
13.0417 0.00184465
13.0486 0.00183787
13.0556 0.00181078
13.0625 0.00182428
13.0694 0.00183109
13.0764 0.00174294
13.0833 0.00180394
13.0903 0.00183788
13.0972 0.00177005
13.1042 0.0021567
13.1111 0.00183111
13.1181 0.00179722
13.125 0.00160051
13.1319 0.00221088
13.1389 0.00222447
13.1458 0.00226511
13.1528 0.00222443
13.1597 0.00254992
13.1667 0.00257024
13.1736 0.00229221
13.1806 0.00178366
13.1875 0.00219056
13.1944 0.00214991
13.2014 0.00220411
13.2083 0.0021905
13.2153 0.00236684
13.2222 0.00242111
13.2292 0.00231942
13.2361 0.00180394
13.2431 0.00221762
13.25 0.00224476
13.2569 0.00154626
13.2639 0.00210235
13.2708 0.00210234
13.2778 0.00206843
13.2847 0.0021363
13.2917 0.00219051
13.2986 0.00214981
13.3056 0.00222439
13.3125 0.00228547
13.3194 0.00224476
13.3264 0.00220411
13.3333 0.00219054
13.3403 0.00224478
13.3472 0.0021362
13.3542 0.00215661
13.3611 0.00211589
13.3681 0.00211591
13.375 0.00209562
13.3819 0.00189216
13.3889 0.00181751
13.3958 0.00181754
13.4028 0.00202774
13.4097 0.00203455
13.4167 0.00217019
13.4236 0.00223797
13.4306 0.00197351
13.4375 0.00221768
13.4444 0.00225835
13.4514 0.00221091
13.4583 0.00231261
13.4653 0.00233297
13.4722 0.00231261
13.4792 0.00233976
13.4861 0.00239397
13.4931 0.00233295
13.5 0.00232613
13.5069 0.00227865
13.5139 0.00230581
13.5208 0.00195998
13.5278 0.00195326
13.5347 0.00194644
13.5417 0.00195999
13.5486 0.00196672
13.5556 0.00192606
13.5625 0.00189895
13.5694 0.0019667
13.5764 0.00157342
13.5833 0.00191246
13.5903 0.0018921
13.5972 0.0018243
13.6042 0.00181074
13.6111 0.0017159
13.6181 0.00170904
13.625 0.00163443
13.6319 0.00165479
13.6389 0.0016616
13.6458 0.00151914
13.6528 0.00160733
13.6597 0.00300425
13.6667 0.00160048
13.6736 0.00155303
13.6806 0.00147174
13.6875 0.00163439
13.6944 0.00162087
13.7014 0.00170224
13.7083 0.00158697
13.7153 0.00149203
13.7222 0.00158707
13.7292 0.00161419
13.7361 0.00162091
13.7431 0.00158693
13.75 0.00160744
13.7569 0.00165484
13.7639 0.0016481
13.7708 0.0016819
13.7778 0.00164121
13.7847 0.00172263
13.7917 0.00120722
13.7986 0.00177008
13.8056 0.00180398
13.8125 0.00177685
13.8194 0.00170905
13.8264 0.00166834
13.8333 0.00165476
13.8403 0.00172942
13.8472 0.0016955
13.8542 0.00166156
13.8611 0.00112584
13.8681 0.00110541
13.875 0.00111223
13.8819 0.00117321
13.8889 0.00118685
13.8958 0.00111229
13.9028 0.000813855
13.9097 0.00147163
13.9167 0.00145129
13.9236 0.00143107
13.9306 0.0015192
13.9375 0.000718932
13.9444 0.00149197
13.9514 0.0010037
13.9583 0.000990194
13.9653 0.000881655
13.9722 0.000922393
13.9792 0.000983428
13.9861 0.000793501
13.9931 0.00168865
14 0.00166157
14.0069 0.00141061
14.0139 0.00149881
14.0208 0.00135631
14.0278 0.00148524
14.0347 0.00139023
14.0417 0.00136985
14.0486 0.00129535
14.0556 0.00121406
14.0625 0.00124784
14.0694 0.00140382
14.0764 0.00143773
14.0833 0.00134961
14.0903 0.0013157
14.0972 0.00142423
14.1042 0.00145133
14.1111 0.00143776
14.1181 0.00143781
14.125 0.00142419
14.1319 0.00150555
14.1389 0.00154627
14.1458 0.00156659
14.1528 0.00151234
14.1597 0.00137671
14.1667 0.00147167
14.1736 0.00149877
14.1806 0.00151234
14.1875 0.00145132
14.1944 0.00141066
14.2014 0.00131573
14.2083 0.0013971
14.2153 0.0013564
14.2222 0.00130891
14.2292 0.00136994
14.2361 0.00136994
14.2431 0.00130213
14.25 0.00136315
14.2569 0.00134961
14.2639 0.00140387
14.2708 0.00151912
14.2778 0.00153265
14.2847 0.00149883
14.2917 0.0014513
14.2986 0.000949464
14.3056 0.00108512
14.3125 0.000996949
14.3194 0.00104443
14.3264 0.00109187
14.3333 0.00111902
14.3403 0.00170904
14.3472 0.00147167
14.3542 0.00167507
14.3611 0.00170233
14.3681 0.00172932
14.375 0.00175649
14.3819 0.00166829
14.3889 0.00178362
14.3958 0.00176327
14.4028 0.00170224
14.4097 0.00151235
14.4167 0.00149881
14.4236 0.00147165
14.4306 0.00139706
14.4375 0.00139035
14.4444 0.00142424
14.4514 0.00150557
14.4583 0.00136321
14.4653 0.00130898
14.4722 0.00111906
14.4792 0.000888501
14.4861 0.000895224
14.4931 0.000895255
14.5 0.00115296
14.5069 0.00107834
14.5139 0.00111225
14.5208 0.00115294
14.5278 0.00115973
14.5347 0.00113933
14.5417 0.000868126
14.5486 0.000854491
14.5556 0.00090879
14.5625 0.000929133
14.5694 0.000956194
14.5764 0.000963033
14.5833 0.000996947
14.5903 0.000935947
14.5972 0.000881696
14.6042 0.000813925
14.6111 0.00095627
14.6181 0.00118686
14.625 0.00117333
14.6319 0.00104453
14.6389 0.00117326
14.6458 0.00136997
14.6528 0.00140382
14.6597 0.00141067
14.6667 0.00136319
14.6736 0.00148526
14.6806 0.00149206
14.6875 0.0015124
14.6944 0.00148525
14.7014 0.00147159
14.7083 0.0014852
14.7153 0.00112579
14.7222 0.00108511
14.7292 0.00108511
14.7361 0.00103087
14.7431 0.000963065
14.75 0.00101051
14.7569 0.00100373
14.7639 0.00097658
14.7708 0.0010309
14.7778 0.00104442
14.7847 0.00107837
14.7917 0.00111231
14.7986 0.00133608
14.8056 0.00159373
14.8125 0.00161414
14.8194 0.00160733
14.8264 0.00161403
14.8333 0.00161406
14.8403 0.00161407
14.8472 0.00153272
14.8542 0.00107834
14.8611 0.00105799
14.8681 0.00105799
14.875 0.00101054
14.8819 0.00130892
14.8889 0.00128179
14.8958 0.00134275
14.9028 0.000847713
14.9097 0.000841025
14.9167 0.00081389
14.9236 0.000847801
14.9306 0.000820617
14.9375 0.000820623
14.9444 0.000834217
14.9514 0.000847827
14.9583 0.000847741
14.9653 0.00088847
14.9722 0.000874876
14.9792 0.000576566
14.9861 0.000515451
14.9931 0.000495103
15 0.000495121
15.0069 0.000278108
15.0139 0.000223794
15.0208 0.000244272
15.0278 0.000447714
15.0347 0.000440911
15.0417 0.000440869
15.0486 0.000257708
15.0556 0.000278135
15.0625 0.000244177
15.0694 0.000298479
15.0764 0.000318793
15.0833 0.000352727
15.0903 0.000318777
15.0972 0.000332414
15.1042 0.000298448
15.1111 0.000312059
15.1181 0.000440924
15.125 0.000440915
15.1319 0.000440885
15.1389 0.000278137
15.1458 0.000325554
15.1528 0.000305291
15.1597 0.000284966
15.1667 0.000237498
15.1736 0.000237507
15.1806 0.000244283
15.1875 0.000291707
15.1944 0.00030528
15.2014 0.000264567
15.2083 0.000271331
15.2153 0.000413767
15.2222 0.000366368
15.2292 0.000373079
15.2361 0.000346024
15.2431 0.000359529
15.25 0.000366347
15.2569 0.000400252
15.2639 0.000373129
15.2708 0.000386701
15.2778 0.000373104
15.2847 0.000346035
15.2917 0.000318803
15.2986 0.00030529
15.3056 0.000312024
15.3125 0.000264541
15.3194 0.00018317
15.3264 0.000183213
15.3333 0.000149249
15.3403 0.000162864
15.3472 0.000156092
15.3542 0.000122083
15.3611 0.000135748
15.3681 0.000135695
15.375 0.000135643
15.3819 0.00012887
15.3889 0.000149266
15.3958 0.000108525
15.4028 0.000101813
15.4097 0.000149232
15.4167 0.00046801
15.4236 0.000420543
15.4306 0.000264561
15.4375 0.000305176
15.4444 0.000332293
15.4514 0.000345876
15.4583 0.000305203
15.4653 0.00048159
15.4722 0.000522321
15.4792 0.000549433
15.4861 0.000576563
15.4931 0.000563007
15.5 0.000569785
15.5069 0.00056978
15.5139 0.000535877
15.5208 0.000522304
15.5278 0.000488391
15.5347 0.000515519
15.5417 0.000454483
15.5486 0.000468022
15.5556 0.00114617
15.5625 0.00115974
15.5694 0.00126824
15.5764 0.0012887
15.5833 0.00124107
15.5903 0.00120039
15.5972 0.00124107
15.6042 0.0012275
15.6111 0.00119357
15.6181 8.1479e-05
15.625 7.46932e-05
15.6319 9.50625e-05
15.6389 8.14161e-05
15.6458 0.000101921
15.6528 0.000101855
15.6597 4.76924e-05
15.6667 6.11882e-05
15.6736 0.00101059
15.6806 0.000983436
15.6875 0.000223916
15.6944 0.000271363
15.7014 0.00023067
15.7083 0.000183207
15.7153 0.000149361
15.7222 0.000122217
15.7292 0.000122179
15.7361 0.00013566
15.7431 0.00016284
15.75 0.000176341
15.7569 0.000122063
15.7639 0.000142396
15.7708 3.39748e-05
15.7778 6.86983e-06
15.7847 -2.02794e-05
15.7917 2.72034e-05
15.7986 4.7529e-05
15.8056 4.75081e-05
15.8125 3.39521e-05
15.8194 5.43041e-05
15.8264 5.42894e-05
15.8333 8.82192e-05
15.8403 7.46573e-05
15.8472 0.000115421
15.8542 8.83016e-05
15.8611 0.000149295
15.8681 -2.69781e-05
15.875 1.50855e-07
15.8819 -1.33792e-05
15.8889 1.37127e-05
15.8958 6.6454e-08
15.9028 3.40059e-05
15.9097 2.04554e-05
15.9167 3.39533e-05
15.9236 2.03734e-05
15.9306 2.04106e-05
15.9375 6.11588e-05
15.9444 4.75745e-05
15.9514 6.11281e-05
15.9583 8.14758e-05
15.9653 4.07314e-05
15.9722 4.07512e-05
15.9792 2.04057e-05
15.9861 2.7183e-05
15.9931 2.72472e-05
16 0.000318854
16.0069 0.000325547
16.0139 0.000325613
16.0208 0.000318829
16.0278 0.000284855
16.0347 0.000311978
16.0417 0.000298344
16.0486 0.000291562
16.0556 0.000305089
16.0625 0.000284796
16.0694 0.000291606
16.0764 0.000305171
16.0833 0.000305143
16.0903 0.000311931
16.0972 0.000325559
16.1042 0.000345899
16.1111 0.000345906
16.1181 0.000345906
16.125 0.000332343
16.1319 0.000352699
16.1389 0.000345867
16.1458 0.000359515
16.1528 0.00034595
16.1597 0.000339168
16.1667 0.000345976
16.1736 0.000339131
16.1806 0.000434035
16.1875 0.000400128
16.1944 0.000420557
16.2014 0.000400218
16.2083 0.000400218
16.2153 0.000434184
16.2222 0.000474813
16.2292 0.000149259
16.2361 0.000149259
16.2431 0.000135687
16.25 0.000101778
16.2569 0.000122122
16.2639 0.000128905
16.2708 0.00011535
16.2778 9.49769e-05
16.2847 8.81596e-05
16.2917 7.45875e-05
16.2986 7.45593e-05
16.3056 6.77821e-05
16.3125 9.49106e-05
16.3194 0.000108473
16.3264 0.000101698
16.3333 0.000108523
16.3403 0.000122087
16.3472 0.000128925
16.3542 0.000128983
16.3611 0.000108645
16.3681 8.15407e-05
16.375 5.44246e-05
16.3819 4.76425e-05
16.3889 4.07916e-05
16.3958 1.36941e-05
16.4028 1.36382e-05
16.4097 2.04187e-05
16.4167 6.91193e-06
16.4236 6.90169e-06
16.4306 0.000244261
16.4375 0.000257816
16.4444 0.000244254
16.4514 0.000230701
16.4583 0.000183223
16.4653 0.000223852
16.4722 0.000203513
16.4792 -2.02847e-05
16.4861 -1.34411e-05
16.4931 -6.6953e-06
16.5 -6.09716e-05
16.5069 -9.4862e-05
16.5139 -6.7743e-05
16.5208 -5.41769e-05
16.5278 -7.4511e-05
16.5347 -5.41667e-05
16.5417 -6.09468e-05
16.5486 -4.73799e-05
16.5556 -2.70143e-05
16.5625 -6.77773e-05
16.5694 -8.80641e-05
16.5764 -4.73869e-05
16.5833 -2.70413e-05
16.5903 -2.70385e-05
16.5972 -4.0602e-05
16.6042 -4.05969e-05
16.6111 -4.05967e-05
16.6181 -3.38397e-05
16.625 -6.7166e-06
16.6319 1.36236e-05
16.6389 2.04069e-05
16.6458 2.71894e-05
16.6528 0.000644304
16.6597 0.000617176
16.6667 0.000766373
16.6736 0.000793445
16.6806 0.000800251
16.6875 0.000793475
16.6944 0.000813821
16.7014 2.72245e-05
16.7083 6.88099e-06
16.7153 -1.35203e-05
16.7222 -1.35129e-05
16.7292 -2.70795e-05
16.7361 -3.38644e-05
16.7431 -1.35169e-05
16.75 -2.70492e-05
16.7569 -1.34855e-05
16.7639 7.38933e-08
16.7708 -6.70753e-06
16.7778 -1.35453e-05
16.7847 -4.0667e-05
16.7917 -4.06063e-05
16.7986 -4.06053e-05
16.8056 0.000501915
16.8125 0.00053583
16.8194 0.000549303
16.8264 0.000535739
16.8333 0.000576426
16.8403 0.000576427
16.8472 0.000576427
16.8542 0.000603616
16.8611 0.000542583
16.8681 0.000529019
16.875 0.000535801
16.8819 0.000542583
16.8889 0.000549365
16.8958 0.000549365
16.9028 0.0005493
16.9097 0.000549328
16.9167 0.000549328
16.9236 0.000549361
16.9306 0.00056293
16.9375 0.00056293
16.9444 0.000434076
16.9514 0.00046798
16.9583 0.00046798
16.9653 0.000467981
16.9722 0.000447631
16.9792 0.000447634
16.9861 0.000440852
16.9931 0.000420539
17 0.000434128
