--stream stream-by-wavelet-norm-miranda-viscosity.txt
--stream-type by_wavelet_norm
--subsampling-factor 64
--dataset C:\Users\pavol\OneDrive\resolution-precision-test-data\miranda-viscosity-384x384-float64.json
--quantity rmse
--transform cdf53
--nlevels 3
--bits-quantize 16
--group-size 4 4 1

Bytes Errors 2448
0.00694444 12.5844
0.0138889 12.6783
0.0208333 12.942
0.0277778 13.4458
0.0347222 14.049
0.0416667 14.049
0.0486111 14.049
0.0555556 14.049
0.0625 14.049
0.0694444 15.4303
0.0763889 16.9592
0.0833333 17.9684
0.0902778 17.9671
0.0972222 17.9671
0.104167 17.9593
0.111111 18.2257
0.118056 19.5272
0.125 21.365
0.131944 21.365
0.138889 21.365
0.145833 21.365
0.152778 21.365
0.159722 21.365
0.166667 21.365
0.173611 21.365
0.180556 21.365
0.1875 21.365
0.194444 21.365
0.201389 21.365
0.208333 21.365
0.215278 21.365
0.222222 21.365
0.229167 21.365
0.236111 21.365
0.243056 21.365
0.25 21.365
0.256944 21.365
0.263889 21.365
0.270833 21.3931
0.277778 21.4516
0.284722 21.5463
0.291667 21.6589
0.298611 22.045
0.305556 22.8862
0.3125 23.9057
0.319444 23.9057
0.326389 23.9057
0.333333 23.9057
0.340278 23.9057
0.347222 23.9057
0.354167 23.9057
0.361111 23.9057
0.368056 23.9057
0.375 23.9057
0.381944 23.9057
0.388889 23.9057
0.395833 23.9057
0.402778 23.9057
0.409722 23.9057
0.416667 23.9057
0.423611 23.9057
0.430556 23.9057
0.4375 23.9057
0.444444 23.9057
0.451389 23.9057
0.458333 23.9057
0.465278 23.9057
0.472222 23.9057
0.479167 23.9057
0.486111 23.9057
0.493056 23.9057
0.5 23.9057
0.506944 23.9057
0.513889 23.9057
0.520833 23.9057
0.527778 23.9057
0.534722 23.9057
0.541667 23.9057
0.548611 23.9057
0.555556 23.9057
0.5625 23.9057
0.569444 23.9057
0.576389 23.9057
0.583333 23.9057
0.590278 23.9057
0.597222 23.9057
0.604167 23.9057
0.611111 23.9057
0.618056 23.9057
0.625 23.9057
0.631944 23.9057
0.638889 23.9057
0.645833 23.9057
0.652778 23.9057
0.659722 23.9057
0.666667 23.9057
0.673611 23.9057
0.680556 23.9057
0.6875 23.9057
0.694444 23.9057
0.701389 23.9057
0.708333 23.9057
0.715278 23.9057
0.722222 23.9057
0.729167 23.9057
0.736111 23.9057
0.743056 23.9057
0.75 23.9057
0.756944 23.9057
0.763889 23.9057
0.770833 23.9057
0.777778 23.9057
0.784722 23.9057
0.791667 23.9057
0.798611 23.9057
0.805556 23.9057
0.8125 23.9057
0.819444 23.9057
0.826389 23.9057
0.833333 23.9057
0.840278 23.9057
0.847222 23.9057
0.854167 23.9057
0.861111 23.9057
0.868056 23.9057
0.875 23.9057
0.881944 23.9057
0.888889 23.9057
0.895833 23.9057
0.902778 23.9057
0.909722 23.9057
0.916667 23.9057
0.923611 23.9057
0.930556 23.9057
0.9375 23.9057
0.944444 23.9057
0.951389 23.9057
0.958333 24.0574
0.965278 24.2517
0.972222 24.5222
0.979167 24.8287
0.986111 25.5488
0.993056 26.1711
1 26.8367
1.00694 26.8367
1.01389 26.8367
1.02083 26.8367
1.02778 26.8367
1.03472 26.8367
1.04167 26.8367
1.04861 26.8367
1.05556 26.8367
1.0625 26.8367
1.06944 26.8367
1.07639 26.8367
1.08333 26.8367
1.09028 26.8367
1.09722 26.8408
1.10417 26.8408
1.11111 26.8408
1.11806 26.8408
1.125 26.8408
1.13194 26.8408
1.13889 26.8408
1.14583 26.8404
1.15278 26.8404
1.15972 26.8404
1.16667 26.8404
1.17361 26.8404
1.18056 26.8404
1.1875 26.8523
1.19444 26.8591
1.20139 26.8791
1.20833 26.8791
1.21528 26.8791
1.22222 26.8791
1.22917 26.8791
1.23611 26.8791
1.24306 26.8791
1.25 26.8791
1.25694 26.8791
1.26389 26.8791
1.27083 26.8791
1.27778 26.8791
1.28472 26.8791
1.29167 26.8791
1.29861 26.8791
1.30556 26.8791
1.3125 26.8791
1.31944 26.8791
1.32639 26.8791
1.33333 26.8791
1.34028 26.8791
1.34722 26.8791
1.35417 26.8791
1.36111 26.8791
1.36806 26.8791
1.375 26.8791
1.38194 26.8791
1.38889 26.8791
1.39583 26.8791
1.40278 26.8791
1.40972 26.8791
1.41667 26.8791
1.42361 26.8791
1.43056 26.8791
1.4375 26.8791
1.44444 26.8791
1.45139 26.8791
1.45833 26.8791
1.46528 26.8791
1.47222 26.8791
1.47917 26.8791
1.48611 26.8791
1.49306 26.8791
1.5 26.8791
1.50694 26.8791
1.51389 26.8791
1.52083 26.8791
1.52778 26.8791
1.53472 26.8791
1.54167 26.8791
1.54861 26.8791
1.55556 26.8791
1.5625 26.8791
1.56944 26.8791
1.57639 26.8791
1.58333 26.8791
1.59028 26.8791
1.59722 26.8791
1.60417 26.8791
1.61111 26.8791
1.61806 26.8791
1.625 26.8791
1.63194 26.8791
1.63889 26.8791
1.64583 26.8791
1.65278 26.8791
1.65972 26.8791
1.66667 26.8791
1.67361 26.8791
1.68056 26.8791
1.6875 26.8791
1.69444 26.8791
1.70139 26.8791
1.70833 27.151
1.71528 27.6269
1.72222 28.1639
1.72917 28.7023
1.73611 29.319
1.74306 29.319
1.75 29.319
1.75694 29.319
1.76389 29.319
1.77083 29.319
1.77778 29.319
1.78472 29.319
1.79167 29.319
1.79861 29.319
1.80556 29.319
1.8125 29.319
1.81944 29.319
1.82639 29.319
1.83333 29.319
1.84028 29.319
1.84722 29.319
1.85417 29.319
1.86111 29.319
1.86806 29.319
1.875 29.319
1.88194 29.319
1.88889 29.319
1.89583 29.319
1.90278 29.319
1.90972 29.319
1.91667 29.319
1.92361 29.319
1.93056 29.319
1.9375 29.319
1.94444 29.319
1.95139 29.319
1.95833 29.319
1.96528 29.319
1.97222 29.319
1.97917 29.319
1.98611 29.4011
1.99306 29.6989
2 30.0116
2.00694 30.0116
2.01389 30.0116
2.02083 30.0116
2.02778 30.0116
2.03472 30.0116
2.04167 30.0116
2.04861 30.0116
2.05556 30.0116
2.0625 30.0116
2.06944 30.0119
2.07639 30.0119
2.08333 30.0167
2.09028 30.0186
2.09722 30.0335
2.10417 30.0353
2.11111 30.0447
2.11806 30.0552
2.125 30.056
2.13194 30.0659
2.13889 30.0674
2.14583 30.0788
2.15278 30.0842
2.15972 30.0868
2.16667 30.0865
2.17361 30.0869
2.18056 30.0876
2.1875 30.1825
2.19444 30.2521
2.20139 30.3603
2.20833 30.4166
2.21528 30.4166
2.22222 30.4166
2.22917 30.4166
2.23611 30.4166
2.24306 30.4166
2.25 30.4166
2.25694 30.4166
2.26389 30.4166
2.27083 30.4166
2.27778 30.4166
2.28472 30.4166
2.29167 30.4166
2.29861 30.4166
2.30556 30.4166
2.3125 30.4166
2.31944 30.4166
2.32639 30.4166
2.33333 30.4166
2.34028 30.4166
2.34722 30.4166
2.35417 30.4166
2.36111 30.4166
2.36806 30.4166
2.375 30.4166
2.38194 30.4166
2.38889 30.4166
2.39583 30.4166
2.40278 30.4166
2.40972 30.4166
2.41667 30.4166
2.42361 30.4166
2.43056 30.4166
2.4375 30.4166
2.44444 30.4166
2.45139 30.4166
2.45833 30.4166
2.46528 30.4166
2.47222 30.4166
2.47917 30.4166
2.48611 30.4166
2.49306 30.4166
2.5 30.4166
2.50694 30.4166
2.51389 30.4166
2.52083 30.4166
2.52778 30.4166
2.53472 30.4166
2.54167 30.4166
2.54861 30.4166
2.55556 30.4166
2.5625 30.4166
2.56944 30.4166
2.57639 30.4166
2.58333 30.4166
2.59028 30.4166
2.59722 30.4166
2.60417 30.4166
2.61111 30.4166
2.61806 30.4166
2.625 30.4166
2.63194 30.4166
2.63889 30.4166
2.64583 30.4166
2.65278 30.4166
2.65972 30.4166
2.66667 30.4166
2.67361 30.4166
2.68056 30.4166
2.6875 30.4166
2.69444 30.4166
2.70139 30.4166
2.70833 30.6683
2.71528 30.9919
2.72222 31.4081
2.72917 31.8641
2.73611 32.2705
2.74306 32.2705
2.75 32.2705
2.75694 32.2705
2.76389 32.2705
2.77083 32.2705
2.77778 32.2705
2.78472 32.2705
2.79167 32.2705
2.79861 32.2705
2.80556 32.2705
2.8125 32.2705
2.81944 32.2705
2.82639 32.2705
2.83333 32.2705
2.84028 32.2705
2.84722 32.2705
2.85417 32.2705
2.86111 32.2705
2.86806 32.2705
2.875 32.2705
2.88194 32.2705
2.88889 32.2705
2.89583 32.2705
2.90278 32.2705
2.90972 32.2705
2.91667 32.2705
2.92361 32.2705
2.93056 32.2705
2.9375 32.2705
2.94444 32.2705
2.95139 32.2705
2.95833 32.2705
2.96528 32.2705
2.97222 32.2705
2.97917 32.2705
2.98611 32.3129
2.99306 32.5019
3 32.6703
3.00694 32.6703
3.01389 32.6703
3.02083 32.6703
3.02778 32.6703
3.03472 32.6703
3.04167 32.6703
3.04861 32.6703
3.05556 32.6703
3.0625 32.6703
3.06944 32.6895
3.07639 32.7064
3.08333 32.7374
3.09028 32.7732
3.09722 32.8192
3.10417 32.8635
3.11111 32.921
3.11806 32.9973
3.125 33.026
3.13194 33.0547
3.13889 33.0695
3.14583 33.1224
3.15278 33.1537
3.15972 33.195
3.16667 33.2431
3.17361 33.302
3.18056 33.3485
3.1875 33.4586
3.19444 33.7084
3.20139 33.9854
3.20833 34.0849
3.21528 34.0849
3.22222 34.0849
3.22917 34.0849
3.23611 34.0849
3.24306 34.0849
3.25 34.0849
3.25694 34.0849
3.26389 34.0849
3.27083 34.0849
3.27778 34.0849
3.28472 34.0849
3.29167 34.0839
3.29861 34.0839
3.30556 34.0839
3.3125 34.0839
3.31944 34.0839
3.32639 34.0839
3.33333 34.0839
3.34028 34.0839
3.34722 34.0839
3.35417 34.0839
3.36111 34.0839
3.36806 34.0839
3.375 34.0839
3.38194 34.0839
3.38889 34.0839
3.39583 34.0839
3.40278 34.0839
3.40972 34.0839
3.41667 34.0839
3.42361 34.0839
3.43056 34.0839
3.4375 34.0839
3.44444 34.0839
3.45139 34.0839
3.45833 34.0839
3.46528 34.0839
3.47222 34.0839
3.47917 34.0839
3.48611 34.0839
3.49306 34.0839
3.5 34.0839
3.50694 34.0839
3.51389 34.0839
3.52083 34.0839
3.52778 34.0839
3.53472 34.0839
3.54167 34.0839
3.54861 34.0839
3.55556 34.0839
3.5625 34.0839
3.56944 34.0839
3.57639 34.0839
3.58333 34.0839
3.59028 34.0839
3.59722 34.0839
3.60417 34.0839
3.61111 34.0839
3.61806 34.0839
3.625 34.0839
3.63194 34.0839
3.63889 34.0839
3.64583 34.0839
3.65278 34.0839
3.65972 34.0839
3.66667 34.0839
3.67361 34.0839
3.68056 34.0839
3.6875 34.0839
3.69444 34.0839
3.70139 34.0839
3.70833 34.2452
3.71528 34.4899
3.72222 34.7243
3.72917 34.9637
3.73611 35.1649
3.74306 35.1649
3.75 35.1649
3.75694 35.1649
3.76389 35.1649
3.77083 35.1649
3.77778 35.1649
3.78472 35.1649
3.79167 35.1649
3.79861 35.1649
3.80556 35.1649
3.8125 35.1649
3.81944 35.1649
3.82639 35.1649
3.83333 35.1649
3.84028 35.1649
3.84722 35.1649
3.85417 35.1649
3.86111 35.1649
3.86806 35.1649
3.875 35.1649
3.88194 35.1649
3.88889 35.1649
3.89583 35.1649
3.90278 35.1649
3.90972 35.1649
3.91667 35.1649
3.92361 35.1649
3.93056 35.1649
3.9375 35.1649
3.94444 35.1649
3.95139 35.1649
3.95833 35.1649
3.96528 35.1649
3.97222 35.1649
3.97917 35.1649
3.98611 35.1821
3.99306 35.2646
4 35.3423
4.00694 35.3423
4.01389 35.3423
4.02083 35.3423
4.02778 35.3423
4.03472 35.3423
4.04167 35.3423
4.04861 35.3423
4.05556 35.3423
4.0625 35.3423
4.06944 35.4067
4.07639 35.4372
4.08333 35.5014
4.09028 35.5806
4.09722 35.6358
4.10417 35.6765
4.11111 35.7848
4.11806 35.8636
4.125 35.965
4.13194 36.0524
4.13889 36.1337
4.14583 36.2641
4.15278 36.3397
4.15972 36.4297
4.16667 36.5288
4.17361 36.6405
4.18056 36.7466
4.1875 36.9216
4.19444 37.2263
4.20139 37.5892
4.20833 37.693
4.21528 37.693
4.22222 37.693
4.22917 37.6923
4.23611 37.6923
4.24306 37.6923
4.25 37.6923
4.25694 37.6923
4.26389 37.6923
4.27083 37.6923
4.27778 37.6923
4.28472 37.6908
4.29167 37.6938
4.29861 37.6938
4.30556 37.6938
4.3125 37.6938
4.31944 37.6934
4.32639 37.6934
4.33333 37.6963
4.34028 37.7004
4.34722 37.7011
4.35417 37.7011
4.36111 37.7011
4.36806 37.7011
4.375 37.7011
4.38194 37.7011
4.38889 37.7011
4.39583 37.7026
4.40278 37.7026
4.40972 37.7023
4.41667 37.7023
4.42361 37.7023
4.43056 37.7023
4.4375 37.7013
4.44444 37.7013
4.45139 37.7013
4.45833 37.7013
4.46528 37.7013
4.47222 37.7013
4.47917 37.7013
4.48611 37.7013
4.49306 37.7013
4.5 37.7013
4.50694 37.7013
4.51389 37.6981
4.52083 37.6981
4.52778 37.6981
4.53472 37.6981
4.54167 37.6981
4.54861 37.6981
4.55556 37.6956
4.5625 37.6956
4.56944 37.694
4.57639 37.694
4.58333 37.694
4.59028 37.694
4.59722 37.6931
4.60417 37.6931
4.61111 37.6931
4.61806 37.6931
4.625 37.6918
4.63194 37.6918
4.63889 37.6918
4.64583 37.6918
4.65278 37.6918
4.65972 37.6918
4.66667 37.6912
4.67361 37.6912
4.68056 37.6912
4.6875 37.6912
4.69444 37.6912
4.70139 37.6929
4.70833 37.7977
4.71528 37.9191
4.72222 38.0542
4.72917 38.185
4.73611 38.2864
4.74306 38.2864
4.75 38.2864
4.75694 38.2864
4.76389 38.2864
4.77083 38.2864
4.77778 38.2864
4.78472 38.2864
4.79167 38.2864
4.79861 38.2864
4.80556 38.2864
4.8125 38.2864
4.81944 38.2864
4.82639 38.2864
4.83333 38.2864
4.84028 38.2864
4.84722 38.2864
4.85417 38.2864
4.86111 38.2864
4.86806 38.2864
4.875 38.2864
4.88194 38.2864
4.88889 38.2864
4.89583 38.2864
4.90278 38.2864
4.90972 38.2864
4.91667 38.2864
4.92361 38.2864
4.93056 38.2864
4.9375 38.2864
4.94444 38.2864
4.95139 38.2864
4.95833 38.2864
4.96528 38.2864
4.97222 38.2864
4.97917 38.2864
4.98611 38.2977
4.99306 38.3426
5 38.3766
5.00694 38.3766
5.01389 38.3766
5.02083 38.3766
5.02778 38.3766
5.03472 38.3766
5.04167 38.3766
5.04861 38.3763
5.05556 38.3763
5.0625 38.3745
5.06944 38.4653
5.07639 38.55
5.08333 38.6473
5.09028 38.7567
5.09722 38.8647
5.10417 38.9649
5.11111 39.0957
5.11806 39.2246
5.125 39.3585
5.13194 39.5001
5.13889 39.6514
5.14583 39.8276
5.15278 39.9758
5.15972 40.1222
5.16667 40.2727
5.17361 40.4735
5.18056 40.6622
5.1875 40.9264
5.19444 41.2043
5.20139 41.4677
5.20833 41.5494
5.21528 41.5489
5.22222 41.5489
5.22917 41.5545
5.23611 41.554
5.24306 41.554
5.25 41.554
5.25694 41.554
5.26389 41.5534
5.27083 41.5534
5.27778 41.5533
5.28472 41.5538
5.29167 41.5638
5.29861 41.5647
5.30556 41.5677
5.3125 41.5744
5.31944 41.5748
5.32639 41.5737
5.33333 41.5777
5.34028 41.5805
5.34722 41.5832
5.35417 41.5832
5.36111 41.5838
5.36806 41.5837
5.375 41.5837
5.38194 41.5852
5.38889 41.582
5.39583 41.5952
5.40278 41.5952
5.40972 41.5966
5.41667 41.5974
5.42361 41.5966
5.43056 41.5953
5.4375 41.6005
5.44444 41.5999
5.45139 41.6002
5.45833 41.5981
5.46528 41.5954
5.47222 41.5947
5.47917 41.5947
5.48611 41.5933
5.49306 41.5933
5.5 41.5933
5.50694 41.5929
5.51389 41.5915
5.52083 41.6132
5.52778 41.6104
5.53472 41.6104
5.54167 41.6078
5.54861 41.6077
5.55556 41.6173
5.5625 41.6213
5.56944 41.6265
5.57639 41.6265
5.58333 41.6248
5.59028 41.6239
5.59722 41.624
5.60417 41.6231
5.61111 41.6206
5.61806 41.6203
5.625 41.6257
5.63194 41.6257
5.63889 41.6257
5.64583 41.6253
5.65278 41.6226
5.65972 41.6208
5.66667 41.6235
5.67361 41.6231
5.68056 41.6226
5.6875 41.633
5.69444 41.6348
5.70139 41.7068
5.70833 41.8024
5.71528 41.8902
5.72222 41.9871
5.72917 42.0748
5.73611 42.1522
5.74306 42.1522
5.75 42.1522
5.75694 42.1522
5.76389 42.1522
5.77083 42.1522
5.77778 42.1522
5.78472 42.1522
5.79167 42.1522
5.79861 42.1522
5.80556 42.1522
5.8125 42.1522
5.81944 42.1522
5.82639 42.1522
5.83333 42.1522
5.84028 42.1522
5.84722 42.1522
5.85417 42.1522
5.86111 42.1522
5.86806 42.1522
5.875 42.1522
5.88194 42.1522
5.88889 42.1522
5.89583 42.1522
5.90278 42.1522
5.90972 42.1522
5.91667 42.1522
5.92361 42.1522
5.93056 42.1522
5.9375 42.1522
5.94444 42.1522
5.95139 42.1522
5.95833 42.1522
5.96528 42.1522
5.97222 42.1522
5.97917 42.1522
5.98611 42.1572
5.99306 42.1815
6 42.2135
6.00694 42.2135
6.01389 42.214
6.02083 42.214
6.02778 42.2143
6.03472 42.2166
6.04167 42.2186
6.04861 42.2223
6.05556 42.2249
6.0625 42.2342
6.06944 42.3187
6.07639 42.4052
6.08333 42.4915
6.09028 42.588
6.09722 42.6816
6.10417 42.776
6.11111 42.8947
6.11806 43.0091
6.125 43.1246
6.13194 43.243
6.13889 43.3785
6.14583 43.4943
6.15278 43.625
6.15972 43.7557
6.16667 43.8782
6.17361 44.0174
6.18056 44.163
6.1875 44.3092
6.19444 44.4549
6.20139 44.6032
6.20833 44.6494
6.21528 44.6476
6.22222 44.6513
6.22917 44.6508
6.23611 44.648
6.24306 44.6512
6.25 44.6499
6.25694 44.6486
6.26389 44.6511
6.27083 44.6492
6.27778 44.6558
6.28472 44.6617
6.29167 44.672
6.29861 44.6717
6.30556 44.6689
6.3125 44.6689
6.31944 44.6712
6.32639 44.6715
6.33333 44.6891
6.34028 44.6984
6.34722 44.7078
6.35417 44.7058
6.36111 44.7079
6.36806 44.709
6.375 44.7085
6.38194 44.712
6.38889 44.7236
6.39583 44.7318
6.40278 44.7265
6.40972 44.7381
6.41667 44.7523
6.42361 44.7642
6.43056 44.7736
6.4375 44.7816
6.44444 44.7846
6.45139 44.7892
6.45833 44.8084
6.46528 44.8249
6.47222 44.8368
6.47917 44.8334
6.48611 44.8367
6.49306 44.8352
6.5 44.8284
6.50694 44.8265
6.51389 44.844
6.52083 44.8686
6.52778 44.8804
6.53472 44.876
6.54167 44.8821
6.54861 44.8827
6.55556 44.8874
6.5625 44.9016
6.56944 44.9069
6.57639 44.9027
6.58333 44.9125
6.59028 44.9108
6.59722 44.9252
6.60417 44.9343
6.61111 44.9432
6.61806 44.9426
6.625 44.9513
6.63194 44.9493
6.63889 44.9519
6.64583 44.9522
6.65278 44.9631
6.65972 44.9635
6.66667 44.9649
6.67361 44.9673
6.68056 44.9701
6.6875 44.9874
6.69444 44.9807
6.70139 45.0278
6.70833 45.0989
6.71528 45.1459
6.72222 45.1851
6.72917 45.2299
6.73611 45.2672
6.74306 45.2672
6.75 45.2672
6.75694 45.2672
6.76389 45.2672
6.77083 45.2672
6.77778 45.2672
6.78472 45.2672
6.79167 45.2672
6.79861 45.2672
6.80556 45.2672
6.8125 45.2672
6.81944 45.2672
6.82639 45.2672
6.83333 45.2672
6.84028 45.2672
6.84722 45.2672
6.85417 45.2672
6.86111 45.2672
6.86806 45.2672
6.875 45.2672
6.88194 45.2672
6.88889 45.2672
6.89583 45.2672
6.90278 45.2672
6.90972 45.2672
6.91667 45.2672
6.92361 45.2672
6.93056 45.2672
6.9375 45.2672
6.94444 45.2672
6.95139 45.2672
6.95833 45.2672
6.96528 45.2672
6.97222 45.2672
6.97917 45.2672
6.98611 45.2706
6.99306 45.2837
7 45.2948
7.00694 45.2998
7.01389 45.3036
7.02083 45.3099
7.02778 45.3129
7.03472 45.3216
7.04167 45.3305
7.04861 45.3392
7.05556 45.354
7.0625 45.3705
7.06944 45.4185
7.07639 45.4668
7.08333 45.5263
7.09028 45.5821
7.09722 45.6367
7.10417 45.6954
7.11111 45.7481
7.11806 45.8113
7.125 45.874
7.13194 45.9275
7.13889 45.9891
7.14583 46.0485
7.15278 46.1078
7.15972 46.1624
7.16667 46.2245
7.17361 46.2913
7.18056 46.3577
7.1875 46.4362
7.19444 46.4969
7.20139 46.5625
7.20833 46.6061
7.21528 46.625
7.22222 46.6381
7.22917 46.6503
7.23611 46.6609
7.24306 46.6681
7.25 46.6753
7.25694 46.6801
7.26389 46.6971
7.27083 46.7104
7.27778 46.7358
7.28472 46.7618
7.29167 46.7906
7.29861 46.8135
7.30556 46.8318
7.3125 46.8529
7.31944 46.8676
7.32639 46.8879
7.33333 46.9028
7.34028 46.9247
7.34722 46.9393
7.35417 46.9535
7.36111 46.9626
7.36806 46.9727
7.375 46.9974
7.38194 47.019
7.38889 47.0575
7.39583 47.093
7.40278 47.1171
7.40972 47.1344
7.41667 47.1575
7.42361 47.1808
7.43056 47.1971
7.4375 47.2323
7.44444 47.2603
7.45139 47.2913
7.45833 47.3067
7.46528 47.3313
7.47222 47.3615
7.47917 47.3771
7.48611 47.4014
7.49306 47.4144
7.5 47.4534
7.50694 47.4853
7.51389 47.5378
7.52083 47.575
7.52778 47.6376
7.53472 47.6603
7.54167 47.678
7.54861 47.7067
7.55556 47.7346
7.5625 47.7596
7.56944 47.7812
7.57639 47.8011
7.58333 47.8277
7.59028 47.8532
7.59722 47.8899
7.60417 47.9146
7.61111 47.9323
7.61806 47.9553
7.625 48.0046
7.63194 48.0372
7.63889 48.0896
7.64583 48.1116
7.65278 48.1476
7.65972 48.191
7.66667 48.2208
7.67361 48.2505
7.68056 48.3119
7.6875 48.3434
7.69444 48.3872
7.70139 48.4359
7.70833 48.4606
7.71528 48.4857
7.72222 48.5117
7.72917 48.5367
7.73611 48.5577
7.74306 48.5577
7.75 48.5577
7.75694 48.5577
7.76389 48.5577
7.77083 48.5577
7.77778 48.5577
7.78472 48.5577
7.79167 48.5577
7.79861 48.5577
7.80556 48.5577
7.8125 48.5577
7.81944 48.5577
7.82639 48.5577
7.83333 48.5577
7.84028 48.5577
7.84722 48.5577
7.85417 48.5577
7.86111 48.5577
7.86806 48.5577
7.875 48.5577
7.88194 48.5577
7.88889 48.5577
7.89583 48.5577
7.90278 48.5577
7.90972 48.5577
7.91667 48.5577
7.92361 48.5577
7.93056 48.5577
7.9375 48.5577
7.94444 48.5577
7.95139 48.5577
7.95833 48.5577
7.96528 48.5577
7.97222 48.5577
7.97917 48.5577
7.98611 48.5593
7.99306 48.5674
8 48.5751
8.00694 48.5888
8.01389 48.6049
8.02083 48.6256
8.02778 48.637
8.03472 48.6564
8.04167 48.6781
8.04861 48.7041
8.05556 48.7267
8.0625 48.7547
8.06944 48.7855
8.07639 48.8153
8.08333 48.8439
8.09028 48.8748
8.09722 48.9052
8.10417 48.9339
8.11111 48.963
8.11806 48.9918
8.125 49.0273
8.13194 49.0582
8.13889 49.0918
8.14583 49.125
8.15278 49.1602
8.15972 49.1922
8.16667 49.2243
8.17361 49.2555
8.18056 49.291
8.1875 49.3266
8.19444 49.3541
8.20139 49.3846
8.20833 49.4176
8.21528 49.4473
8.22222 49.4766
8.22917 49.5
8.23611 49.5294
8.24306 49.5575
8.25 49.5913
8.25694 49.6062
8.26389 49.6323
8.27083 49.662
8.27778 49.6988
8.28472 49.7298
8.29167 49.7712
8.29861 49.8129
8.30556 49.8546
8.3125 49.8861
8.31944 49.9141
8.32639 49.9416
8.33333 49.983
8.34028 50.0193
8.34722 50.0581
8.35417 50.085
8.36111 50.1223
8.36806 50.1391
8.375 50.1816
8.38194 50.2218
8.38889 50.2754
8.39583 50.3316
8.40278 50.3881
8.40972 50.4223
8.41667 50.4657
8.42361 50.5161
8.43056 50.5554
8.4375 50.602
8.44444 50.6542
8.45139 50.7184
8.45833 50.7652
8.46528 50.8135
8.47222 50.8635
8.47917 50.909
8.48611 50.9684
8.49306 51.0079
8.5 51.0755
8.50694 51.1483
8.51389 51.2378
8.52083 51.3063
8.52778 51.3727
8.53472 51.44
8.54167 51.4903
8.54861 51.5564
8.55556 51.6193
8.5625 51.6831
8.56944 51.7405
8.57639 51.8039
8.58333 51.8684
8.59028 51.9238
8.59722 51.9821
8.60417 52.035
8.61111 52.1016
8.61806 52.1634
8.625 52.2347
8.63194 52.3046
8.63889 52.3832
8.64583 52.4615
8.65278 52.5322
8.65972 52.6254
8.66667 52.6871
8.67361 52.778
8.68056 52.8555
8.6875 52.952
8.69444 53.0488
8.70139 53.1623
8.70833 53.2046
8.71528 53.2198
8.72222 53.2392
8.72917 53.2557
8.73611 53.2683
8.74306 53.2683
8.75 53.2683
8.75694 53.2683
8.76389 53.2683
8.77083 53.2683
8.77778 53.2683
8.78472 53.2683
8.79167 53.2683
8.79861 53.2683
8.80556 53.2683
8.8125 53.2683
8.81944 53.2683
8.82639 53.2683
8.83333 53.2683
8.84028 53.2683
8.84722 53.268
8.85417 53.268
8.86111 53.268
8.86806 53.268
8.875 53.268
8.88194 53.268
8.88889 53.268
8.89583 53.268
8.90278 53.268
8.90972 53.268
8.91667 53.268
8.92361 53.268
8.93056 53.268
8.9375 53.268
8.94444 53.268
8.95139 53.268
8.95833 53.268
8.96528 53.268
8.97222 53.268
8.97917 53.268
8.98611 53.2691
8.99306 53.2723
9 53.2762
9.00694 53.3152
9.01389 53.3486
9.02083 53.3927
9.02778 53.4254
9.03472 53.4588
9.04167 53.4953
9.04861 53.5402
9.05556 53.594
9.0625 53.6556
9.06944 53.6763
9.07639 53.6993
9.08333 53.7235
9.09028 53.7489
9.09722 53.7718
9.10417 53.7952
9.11111 53.8195
9.11806 53.8446
9.125 53.8726
9.13194 53.895
9.13889 53.9184
9.14583 53.9438
9.15278 53.9695
9.15972 53.9957
9.16667 54.0218
9.17361 54.0474
9.18056 54.074
9.1875 54.1039
9.19444 54.1255
9.20139 54.1508
9.20833 54.1882
9.21528 54.2194
9.22222 54.2593
9.22917 54.294
9.23611 54.3304
9.24306 54.371
9.25 54.4114
9.25694 54.4438
9.26389 54.4799
9.27083 54.5177
9.27778 54.5563
9.28472 54.5981
9.29167 54.6398
9.29861 54.6854
9.30556 54.7283
9.3125 54.7626
9.31944 54.7999
9.32639 54.8401
9.33333 54.8892
9.34028 54.9373
9.34722 54.9828
9.35417 55.0255
9.36111 55.0747
9.36806 55.1107
9.375 55.159
9.38194 55.2144
9.38889 55.2689
9.39583 55.3251
9.40278 55.3725
9.40972 55.422
9.41667 55.48
9.42361 55.5384
9.43056 55.588
9.4375 55.6379
9.44444 55.6916
9.45139 55.7542
9.45833 55.8031
9.46528 55.8521
9.47222 55.9112
9.47917 55.9732
9.48611 56.0336
9.49306 56.0997
9.5 56.169
9.50694 56.2411
9.51389 56.3105
9.52083 56.3784
9.52778 56.4435
9.53472 56.5106
9.54167 56.5799
9.54861 56.6618
9.55556 56.7226
9.5625 56.7967
9.56944 56.8659
9.57639 56.9326
9.58333 57.0019
9.59028 57.0652
9.59722 57.1438
9.60417 57.2257
9.61111 57.2984
9.61806 57.3745
9.625 57.4517
9.63194 57.5374
9.63889 57.6202
9.64583 57.7094
9.65278 57.7914
9.65972 57.898
9.66667 57.9986
9.67361 58.1042
9.68056 58.1945
9.6875 58.296
9.69444 58.4015
9.70139 58.5074
9.70833 58.5543
9.71528 58.5703
9.72222 58.5879
9.72917 58.6046
9.73611 58.6172
9.74306 58.6172
9.75 58.6169
9.75694 58.6169
9.76389 58.6169
9.77083 58.6169
9.77778 58.6169
9.78472 58.6169
9.79167 58.6169
9.79861 58.6169
9.80556 58.6169
9.8125 58.6173
9.81944 58.6173
9.82639 58.6173
9.83333 58.617
9.84028 58.617
9.84722 58.619
9.85417 58.6187
9.86111 58.6187
9.86806 58.6189
9.875 58.6189
9.88194 58.6189
9.88889 58.6189
9.89583 58.6189
9.90278 58.6189
9.90972 58.6185
9.91667 58.6185
9.92361 58.6185
9.93056 58.6185
9.9375 58.6185
9.94444 58.6185
9.95139 58.618
9.95833 58.618
9.96528 58.618
9.97222 58.618
9.97917 58.618
9.98611 58.6194
9.99306 58.6258
10 58.6314
10.0069 58.6805
10.0139 58.7392
10.0208 58.8014
10.0278 58.8654
10.0347 58.9378
10.0417 59.0052
10.0486 59.0746
10.0556 59.1458
10.0625 59.2156
10.0694 59.2364
10.0764 59.2577
10.0833 59.28
10.0903 59.3018
10.0972 59.3234
10.1042 59.3463
10.1111 59.3679
10.1181 59.3891
10.125 59.4118
10.1319 59.4339
10.1389 59.4582
10.1458 59.4801
10.1528 59.5023
10.1597 59.5242
10.1667 59.5449
10.1736 59.5667
10.1806 59.5904
10.1875 59.615
10.1944 59.6334
10.2014 59.6536
10.2083 59.6864
10.2153 59.7228
10.2222 59.7626
10.2292 59.8014
10.2361 59.8375
10.2431 59.8783
10.25 59.9156
10.2569 59.949
10.2639 59.9926
10.2708 60.0351
10.2778 60.0799
10.2847 60.1211
10.2917 60.1676
10.2986 60.2139
10.3056 60.2576
10.3125 60.2974
10.3194 60.3463
10.3264 60.3887
10.3333 60.4309
10.3403 60.4809
10.3472 60.5295
10.3542 60.5746
10.3611 60.6198
10.3681 60.6659
10.375 60.718
10.3819 60.7662
10.3889 60.8178
10.3958 60.8712
10.4028 60.9259
10.4097 60.9779
10.4167 61.0271
10.4236 61.0808
10.4306 61.1415
10.4375 61.2016
10.4444 61.2668
10.4514 61.3272
10.4583 61.3858
10.4653 61.4434
10.4722 61.5084
10.4792 61.5635
10.4861 61.6245
10.4931 61.6922
10.5 61.7575
10.5069 61.8297
10.5139 61.9022
10.5208 61.9708
10.5278 62.0364
10.5347 62.1082
10.5417 62.1856
10.5486 62.2611
10.5556 62.3259
10.5625 62.3932
10.5694 62.4667
10.5764 62.5478
10.5833 62.6232
10.5903 62.6965
10.5972 62.7775
10.6042 62.8586
10.6111 62.9355
10.6181 63.0212
10.625 63.099
10.6319 63.1855
10.6389 63.2825
10.6458 63.3716
10.6528 63.4666
10.6597 63.5654
10.6667 63.6646
10.6736 63.7692
10.6806 63.8636
10.6875 63.981
10.6944 64.0937
10.7014 64.2094
10.7083 64.2423
10.7153 64.2564
10.7222 64.2677
10.7292 64.2807
10.7361 64.2918
10.7431 64.2907
10.75 64.2915
10.7569 64.2913
10.7639 64.2909
10.7708 64.2904
10.7778 64.2904
10.7847 64.2902
10.7917 64.2899
10.7986 64.2897
10.8056 64.2892
10.8125 64.2887
10.8194 64.2884
10.8264 64.2889
10.8333 64.2915
10.8403 64.2911
10.8472 64.2902
10.8542 64.2911
10.8611 64.2906
10.8681 64.2914
10.875 64.2919
10.8819 64.2919
10.8889 64.2919
10.8958 64.2918
10.9028 64.2918
10.9097 64.2934
10.9167 64.2929
10.9236 64.2921
10.9306 64.2912
10.9375 64.2903
10.9444 64.2894
10.9514 64.288
10.9583 64.288
10.9653 64.2868
10.9722 64.2864
10.9792 64.2866
10.9861 64.292
10.9931 64.2924
11 64.2929
11.0069 64.3674
11.0139 64.4486
11.0208 64.5273
11.0278 64.6116
11.0347 64.6881
11.0417 64.7758
11.0486 64.8625
11.0556 64.9474
11.0625 65.0405
11.0694 65.063
11.0764 65.084
11.0833 65.1048
11.0903 65.1262
11.0972 65.1492
11.1042 65.1701
11.1111 65.1909
11.1181 65.2125
11.125 65.236
11.1319 65.2566
11.1389 65.2805
11.1458 65.3043
11.1528 65.3267
11.1597 65.3522
11.1667 65.3732
11.1736 65.3952
11.1806 65.4166
11.1875 65.4407
11.1944 65.4584
11.2014 65.4768
11.2083 65.5128
11.2153 65.55
11.2222 65.5879
11.2292 65.6228
11.2361 65.6583
11.2431 65.7015
11.25 65.7444
11.2569 65.7827
11.2639 65.8212
11.2708 65.8636
11.2778 65.9056
11.2847 65.9449
11.2917 65.9868
11.2986 66.0317
11.3056 66.0789
11.3125 66.1213
11.3194 66.1646
11.3264 66.2074
11.3333 66.2482
11.3403 66.2933
11.3472 66.341
11.3542 66.3871
11.3611 66.4326
11.3681 66.4763
11.375 66.5236
11.3819 66.5723
11.3889 66.6196
11.3958 66.6687
11.4028 66.7191
11.4097 66.7733
11.4167 66.8241
11.4236 66.8725
11.4306 66.9231
11.4375 66.9781
11.4444 67.0299
11.4514 67.0874
11.4583 67.1419
11.4653 67.2063
11.4722 67.2631
11.4792 67.3206
11.4861 67.3757
11.4931 67.4372
11.5 67.495
11.5069 67.5568
11.5139 67.6147
11.5208 67.6718
11.5278 67.7308
11.5347 67.7956
11.5417 67.8599
11.5486 67.925
11.5556 67.9914
11.5625 68.053
11.5694 68.1195
11.5764 68.188
11.5833 68.2571
11.5903 68.3235
11.5972 68.3961
11.6042 68.4665
11.6111 68.5382
11.6181 68.6206
11.625 68.701
11.6319 68.7867
11.6389 68.8735
11.6458 68.9617
11.6528 69.0374
11.6597 69.1276
11.6667 69.2168
11.6736 69.3058
11.6806 69.4105
11.6875 69.4972
11.6944 69.5889
11.7014 69.6927
11.7083 69.7318
11.7153 69.7451
11.7222 69.7595
11.7292 69.7728
11.7361 69.7829
11.7431 69.7895
11.75 69.7914
11.7569 69.7919
11.7639 69.7915
11.7708 69.7918
11.7778 69.7883
11.7847 69.7873
11.7917 69.7867
11.7986 69.7865
11.8056 69.7889
11.8125 69.7918
11.8194 69.7907
11.8264 69.7886
11.8333 69.7881
11.8403 69.7901
11.8472 69.7946
11.8542 69.7976
11.8611 69.7978
11.8681 69.7983
11.875 69.8084
11.8819 69.8074
11.8889 69.8055
11.8958 69.8064
11.9028 69.8064
11.9097 69.8136
11.9167 69.8165
11.9236 69.8185
11.9306 69.823
11.9375 69.8283
11.9444 69.8353
11.9514 69.8519
11.9583 69.8497
11.9653 69.8562
11.9722 69.8596
11.9792 69.8587
11.9861 69.8729
11.9931 69.883
12 69.8927
12.0069 69.9631
12.0139 70.0383
12.0208 70.117
12.0278 70.1903
12.0347 70.266
12.0417 70.3447
12.0486 70.4249
12.0556 70.5001
12.0625 70.5872
12.0694 70.6027
12.0764 70.6194
12.0833 70.6378
12.0903 70.6555
12.0972 70.672
12.1042 70.6894
12.1111 70.7072
12.1181 70.7259
12.125 70.742
12.1319 70.7603
12.1389 70.7774
12.1458 70.7949
12.1528 70.8126
12.1597 70.8303
12.1667 70.8477
12.1736 70.8663
12.1806 70.8851
12.1875 70.9036
12.1944 70.9194
12.2014 70.9363
12.2083 70.9671
12.2153 71.0044
12.2222 71.0418
12.2292 71.0781
12.2361 71.1121
12.2431 71.1459
12.25 71.183
12.2569 71.2209
12.2639 71.2598
12.2708 71.2988
12.2778 71.3371
12.2847 71.3776
12.2917 71.4154
12.2986 71.4536
12.3056 71.4909
12.3125 71.5293
12.3194 71.5729
12.3264 71.6134
12.3333 71.6566
12.3403 71.6965
12.3472 71.7398
12.3542 71.78
12.3611 71.8252
12.3681 71.8701
12.375 71.913
12.3819 71.957
12.3889 72
12.3958 72.0435
12.4028 72.0889
12.4097 72.1321
12.4167 72.1818
12.4236 72.2336
12.4306 72.2803
12.4375 72.331
12.4444 72.3789
12.4514 72.4249
12.4583 72.475
12.4653 72.52
12.4722 72.5708
12.4792 72.6205
12.4861 72.6741
12.4931 72.7275
12.5 72.7798
12.5069 72.835
12.5139 72.89
12.5208 72.951
12.5278 73.0066
12.5347 73.0644
12.5417 73.1242
12.5486 73.1822
12.5556 73.247
12.5625 73.3106
12.5694 73.3766
12.5764 73.444
12.5833 73.5073
12.5903 73.5741
12.5972 73.6372
12.6042 73.7051
12.6111 73.7747
12.6181 73.845
12.625 73.9144
12.6319 73.9794
12.6389 74.048
12.6458 74.1215
12.6528 74.1926
12.6597 74.2716
12.6667 74.3475
12.6736 74.4263
12.6806 74.4954
12.6875 74.5754
12.6944 74.6604
12.7014 74.739
12.7083 74.7616
12.7153 74.7688
12.7222 74.7777
12.7292 74.7852
12.7361 74.7959
12.7431 74.8004
12.75 74.8078
12.7569 74.8262
12.7639 74.8336
12.7708 74.8437
12.7778 74.8564
12.7847 74.8695
12.7917 74.8826
12.7986 74.8945
12.8056 74.9159
12.8125 74.9384
12.8194 74.9458
12.8264 74.9604
12.8333 74.9718
12.8403 74.9747
12.8472 74.9877
12.8542 75.0049
12.8611 75.0206
12.8681 75.0381
12.875 75.0558
12.8819 75.0593
12.8889 75.0742
12.8958 75.0869
12.9028 75.0978
12.9097 75.1106
12.9167 75.121
12.9236 75.1459
12.9306 75.1623
12.9375 75.171
12.9444 75.1869
12.9514 75.2166
12.9583 75.235
12.9653 75.2581
12.9722 75.2683
12.9792 75.2888
12.9861 75.3366
12.9931 75.3999
13 75.4703
13.0069 75.5371
13.0139 75.6027
13.0208 75.6732
13.0278 75.7405
13.0347 75.8178
13.0417 75.8937
13.0486 75.9562
13.0556 75.9738
13.0625 75.9918
13.0694 76.0076
13.0764 76.0251
13.0833 76.0459
13.0903 76.0625
13.0972 76.0791
13.1042 76.0977
13.1111 76.1149
13.1181 76.1316
13.125 76.148
13.1319 76.1684
13.1389 76.1851
13.1458 76.2045
13.1528 76.2223
13.1597 76.2404
13.1667 76.2577
13.1736 76.2746
13.1806 76.2902
13.1875 76.3057
13.1944 76.3342
13.2014 76.3633
13.2083 76.3896
13.2153 76.417
13.2222 76.448
13.2292 76.4774
13.2361 76.508
13.2431 76.5383
13.25 76.5686
13.2569 76.6002
13.2639 76.6314
13.2708 76.6583
13.2778 76.6903
13.2847 76.7229
13.2917 76.753
13.2986 76.7831
13.3056 76.8136
13.3125 76.8461
13.3194 76.8758
13.3264 76.907
13.3333 76.9399
13.3403 76.9742
13.3472 77.0072
13.3542 77.0407
13.3611 77.0734
13.3681 77.1086
13.375 77.1406
13.3819 77.1738
13.3889 77.21
13.3958 77.2434
13.4028 77.2782
13.4097 77.3135
13.4167 77.3483
13.4236 77.3866
13.4306 77.4227
13.4375 77.4614
13.4444 77.4979
13.4514 77.5376
13.4583 77.5764
13.4653 77.6139
13.4722 77.6522
13.4792 77.6876
13.4861 77.7318
13.4931 77.7701
13.5 77.8056
13.5069 77.847
13.5139 77.8849
13.5208 77.9319
13.5278 77.9726
13.5347 78.0133
13.5417 78.051
13.5486 78.0905
13.5556 78.1304
13.5625 78.1755
13.5694 78.2181
13.5764 78.2639
13.5833 78.3085
13.5903 78.3564
13.5972 78.4009
13.6042 78.4498
13.6111 78.4949
13.6181 78.5441
13.625 78.5897
13.6319 78.6377
13.6389 78.6932
13.6458 78.744
13.6528 78.7897
13.6597 78.8423
13.6667 78.9022
13.6736 78.9626
13.6806 79.0134
13.6875 79.0641
13.6944 79.074
13.7014 79.0842
13.7083 79.0926
13.7153 79.1011
13.7222 79.1236
13.7292 79.1513
13.7361 79.1918
13.7431 79.2212
13.75 79.2447
13.7569 79.2677
13.7639 79.3091
13.7708 79.332
13.7778 79.3716
13.7847 79.4078
13.7917 79.4478
13.7986 79.4919
13.8056 79.532
13.8125 79.5644
13.8194 79.602
13.8264 79.6289
13.8333 79.6551
13.8403 79.6759
13.8472 79.7178
13.8542 79.7638
13.8611 79.799
13.8681 79.838
13.875 79.8728
13.8819 79.9265
13.8889 79.9741
13.8958 80.0233
13.9028 80.0646
13.9097 80.1143
13.9167 80.1684
13.9236 80.2081
13.9306 80.2794
13.9375 80.3334
13.9444 80.3803
13.9514 80.4183
13.9583 80.4771
13.9653 80.5356
13.9722 80.5871
13.9792 80.6355
13.9861 80.6851
13.9931 80.74
14 80.7957
14.0069 80.8492
14.0139 80.9039
14.0208 80.9591
14.0278 81.0163
14.0347 81.0538
14.0417 81.0644
14.0486 81.074
14.0556 81.0847
14.0625 81.0947
14.0694 81.1036
14.0764 81.1131
14.0833 81.124
14.0903 81.1332
14.0972 81.1421
14.1042 81.1544
14.1111 81.1652
14.1181 81.1756
14.125 81.187
14.1319 81.197
14.1389 81.2094
14.1458 81.2223
14.1528 81.2341
14.1597 81.245
14.1667 81.2558
14.1736 81.2721
14.1806 81.2952
14.1875 81.3228
14.1944 81.3516
14.2014 81.3768
14.2083 81.4012
14.2153 81.4297
14.2222 81.4565
14.2292 81.4828
14.2361 81.5096
14.2431 81.5347
14.25 81.5616
14.2569 81.5895
14.2639 81.6175
14.2708 81.646
14.2778 81.6733
14.2847 81.7022
14.2917 81.7328
14.2986 81.7602
14.3056 81.792
14.3125 81.8231
14.3194 81.8516
14.3264 81.882
14.3333 81.9126
14.3403 81.9427
14.3472 81.9719
14.3542 82.0038
14.3611 82.0343
14.3681 82.0654
14.375 82.0946
14.3819 82.1243
14.3889 82.1577
14.3958 82.1905
14.4028 82.2203
14.4097 82.2512
14.4167 82.2835
14.4236 82.316
14.4306 82.3468
14.4375 82.3797
14.4444 82.4119
14.4514 82.4439
14.4583 82.4787
14.4653 82.5161
14.4722 82.5485
14.4792 82.5854
14.4861 82.6188
14.4931 82.6542
14.5 82.6931
14.5069 82.7269
14.5139 82.7661
14.5208 82.8018
14.5278 82.8431
14.5347 82.8776
14.5417 82.9165
14.5486 82.9538
14.5556 82.9928
14.5625 83.0315
14.5694 83.069
14.5764 83.1073
14.5833 83.1474
14.5903 83.1885
14.5972 83.2282
14.6042 83.2676
14.6111 83.3099
14.6181 83.3437
14.625 83.3841
14.6319 83.4261
14.6389 83.4669
14.6458 83.5061
14.6528 83.5445
14.6597 83.5843
14.6667 83.6289
14.6736 83.6781
14.6806 83.7145
14.6875 83.7503
14.6944 83.7969
14.7014 83.8355
14.7083 83.8729
14.7153 83.9119
14.7222 83.9583
14.7292 83.9978
14.7361 84.0379
14.7431 84.0797
14.75 84.1204
14.7569 84.1651
14.7639 84.2142
14.7708 84.2741
14.7778 84.3153
14.7847 84.3624
14.7917 84.4093
14.7986 84.4597
14.8056 84.5163
14.8125 84.5659
14.8194 84.6071
14.8264 84.6607
14.8333 84.7117
14.8403 84.7704
14.8472 84.8221
14.8542 84.8787
14.8611 84.9416
14.8681 85.0045
14.875 85.0594
14.8819 85.1209
14.8889 85.1938
14.8958 85.2517
14.9028 85.3143
14.9097 85.3745
14.9167 85.4439
14.9236 85.5055
14.9306 85.5468
14.9375 85.5887
14.9444 85.6345
14.9514 85.6793
14.9583 85.7286
14.9653 85.7709
14.9722 85.8125
14.9792 85.8578
14.9861 85.8971
14.9931 85.9099
15 85.9231
15.0069 85.9341
15.0139 85.9457
15.0208 85.9609
15.0278 85.9734
15.0347 85.9869
15.0417 85.9996
15.0486 86.012
15.0556 86.0243
15.0625 86.0379
15.0694 86.0525
15.0764 86.0658
15.0833 86.0799
15.0903 86.0931
15.0972 86.1074
15.1042 86.118
15.1111 86.1306
15.1181 86.1394
15.125 86.1506
15.1319 86.1666
15.1389 86.1808
15.1458 86.1947
15.1528 86.2104
15.1597 86.2266
15.1667 86.2423
15.1736 86.2559
15.1806 86.2722
15.1875 86.2875
15.1944 86.3039
15.2014 86.3213
15.2083 86.3365
15.2153 86.3544
15.2222 86.3714
15.2292 86.3859
15.2361 86.4032
15.2431 86.4169
15.25 86.4324
15.2569 86.4476
15.2639 86.4622
15.2708 86.4784
15.2778 86.4945
15.2847 86.5093
15.2917 86.5259
15.2986 86.5437
15.3056 86.5595
15.3125 86.5776
15.3194 86.5932
15.3264 86.6107
15.3333 86.6281
15.3403 86.645
15.3472 86.6609
15.3542 86.6759
15.3611 86.6912
15.3681 86.7077
15.375 86.7266
15.3819 86.7407
15.3889 86.7588
15.3958 86.7744
15.4028 86.793
15.4097 86.8107
15.4167 86.8243
15.4236 86.8441
15.4306 86.8637
15.4375 86.8828
15.4444 86.9032
15.4514 86.9183
15.4583 86.9386
15.4653 86.9512
15.4722 86.9701
15.4792 86.9896
15.4861 87.0054
15.4931 87.0242
15.5 87.0426
15.5069 87.0588
15.5139 87.0785
15.5208 87.096
15.5278 87.1126
15.5347 87.1292
15.5417 87.1455
15.5486 87.1643
15.5556 87.1823
15.5625 87.1988
15.5694 87.2204
15.5764 87.2375
15.5833 87.2593
15.5903 87.2769
15.5972 87.2972
15.6042 87.3156
15.6111 87.3361
15.6181 87.355
15.625 87.374
15.6319 87.412
15.6389 87.4523
15.6458 87.4889
15.6528 87.5277
15.6597 87.5668
15.6667 87.6015
15.6736 87.6412
15.6806 87.6796
15.6875 87.7187
15.6944 87.7597
15.7014 87.8037
15.7083 87.8462
15.7153 87.8872
15.7222 87.9288
15.7292 87.9699
15.7361 88.0132
15.7431 88.054
15.75 88.0973
15.7569 88.1365
15.7639 88.1832
15.7708 88.2216
15.7778 88.2692
15.7847 88.31
15.7917 88.3592
15.7986 88.4074
15.8056 88.4552
15.8125 88.5059
15.8194 88.5568
15.8264 88.6055
15.8333 88.6548
15.8403 88.7085
15.8472 88.7645
15.8542 88.8123
15.8611 88.8627
15.8681 88.9116
15.875 88.9717
15.8819 88.9917
15.8889 89.0154
15.8958 89.0371
15.9028 89.0548
15.9097 89.0734
15.9167 89.0942
15.9236 89.113
15.9306 89.1348
15.9375 89.1586
15.9444 89.1705
15.9514 89.1826
15.9583 89.1962
15.9653 89.2079
15.9722 89.2193
15.9792 89.2305
15.9861 89.2436
15.9931 89.2546
16 89.2661
16.0069 89.2791
16.0139 89.2911
16.0208 89.3038
16.0278 89.3154
16.0347 89.3283
16.0417 89.3408
16.0486 89.3524
16.0556 89.3668
16.0625 89.3786
16.0694 89.3917
16.0764 89.405
16.0833 89.4184
16.0903 89.4312
16.0972 89.4465
16.1042 89.4582
16.1111 89.4702
16.1181 89.4838
16.125 89.4973
16.1319 89.5116
16.1389 89.5247
16.1458 89.5384
16.1528 89.5519
16.1597 89.5662
16.1667 89.5796
16.1736 89.5929
16.1806 89.6067
16.1875 89.6208
16.1944 89.6358
16.2014 89.6491
16.2083 89.663
16.2153 89.6753
16.2222 89.6885
16.2292 89.7041
16.2361 89.7148
16.2431 89.7269
16.25 89.7412
16.2569 89.7539
16.2639 89.7711
16.2708 89.7826
16.2778 89.7997
16.2847 89.8138
16.2917 89.8279
16.2986 89.8461
16.3056 89.8589
16.3125 89.8731
16.3194 89.8887
16.3264 89.9033
16.3333 89.9191
16.3403 89.9333
16.3472 89.951
16.3542 89.9675
16.3611 89.9821
16.3681 89.9949
16.375 90.0098
16.3819 90.0217
16.3889 90.0386
16.3958 90.0524
16.4028 90.0667
16.4097 90.0808
16.4167 90.0972
16.4236 90.1114
16.4306 90.1281
16.4375 90.1429
16.4444 90.1588
16.4514 90.177
16.4583 90.1932
16.4653 90.2089
16.4722 90.2243
16.4792 90.2425
16.4861 90.2591
16.4931 90.2734
16.5 90.2905
16.5069 90.308
16.5139 90.3261
16.5208 90.3416
16.5278 90.3591
16.5347 90.3761
16.5417 90.3935
16.5486 90.4118
16.5556 90.43
16.5625 90.4484
16.5694 90.4638
16.5764 90.4822
16.5833 90.4989
16.5903 90.5166
16.5972 90.5353
16.6042 90.5516
16.6111 90.5681
16.6181 90.5859
16.625 90.6047
16.6319 90.6241
16.6389 90.6397
16.6458 90.6574
16.6528 90.6778
16.6597 90.695
16.6667 90.7134
16.6736 90.7295
16.6806 90.7478
16.6875 90.7669
16.6944 90.7772
16.7014 90.7866
16.7083 90.7989
16.7153 90.809
16.7222 90.8184
16.7292 90.8281
16.7361 90.8392
16.7431 90.8481
16.75 90.8602
16.7569 90.8671
16.7639 90.874
16.7708 90.8808
16.7778 90.8873
16.7847 90.8935
16.7917 90.9002
16.7986 90.9073
16.8056 90.9145
16.8125 90.921
16.8194 90.9278
16.8264 90.9349
16.8333 90.9415
16.8403 90.9479
16.8472 90.9548
16.8542 90.9623
16.8611 90.9689
16.8681 90.976
16.875 90.9824
16.8819 90.989
16.8889 90.9963
16.8958 91.0029
16.9028 91.0099
16.9097 91.0171
16.9167 91.0246
16.9236 91.0319
16.9306 91.0389
16.9375 91.0461
16.9444 91.0529
16.9514 91.0597
16.9583 91.0667
16.9653 91.0738
16.9722 91.0816
16.9792 91.0887
16.9861 91.0948
16.9931 91.1025
17 91.1087
