--stream stream-histogram-greedy-optimal-miranda-viscosity.txt
--subsampling-factor 4
--dataset C:\Users\pavol\OneDrive\resolution-precision-test-data\miranda-viscosity-384x384-float64.json
--quantity histogram
--histogram-dist emd
--num-bins 256
--transform cdf53
--nlevels 3
--bits-quantize 16
--group-size 16 16 1

Bytes Errors 2448
0.00694444 18.7939
0.0138889 18.6566
0.0208333 18.6459
0.0277778 18.6454
0.0347222 16.0325
0.0416667 16.2336
0.0486111 16.2645
0.0555556 16.2658
0.0625 16.1481
0.0694444 14.4049
0.0763889 14.371
0.0833333 14.3675
0.0902778 14.1657
0.0972222 12.3142
0.104167 12.5208
0.111111 12.5286
0.118056 12.5293
0.125 10.4722
0.131944 10.3368
0.138889 10.3318
0.145833 10.3313
0.152778 8.24506
0.159722 8.35653
0.166667 8.38784
0.173611 8.38973
0.180556 7.34063
0.1875 5.4717
0.194444 5.425
0.201389 5.41776
0.208333 4.68475
0.215278 2.99972
0.222222 3.09135
0.229167 3.10005
0.236111 3.10056
0.243056 1.33589
0.25 1.4548
0.256944 1.45978
0.263889 1.4602
0.270833 1.42415
0.277778 1.39074
0.284722 1.39009
0.291667 1.39016
0.298611 1.39019
0.305556 1.34746
0.3125 1.34233
0.319444 1.34284
0.326389 1.3428
0.333333 1.31939
0.340278 1.30862
0.347222 1.30842
0.354167 1.30844
0.361111 1.27136
0.368056 1.26343
0.375 1.26285
0.381944 1.26284
0.388889 1.22208
0.395833 1.19472
0.402778 1.19501
0.409722 1.19494
0.416667 1.19493
0.423611 1.15675
0.430556 1.15401
0.4375 1.15415
0.444444 1.15417
0.451389 1.05258
0.458333 1.0541
0.465278 1.05417
0.472222 1.05427
0.479167 1.00117
0.486111 0.986321
0.493056 0.985941
0.5 0.985961
0.506944 0.959119
0.513889 0.939907
0.520833 0.937025
0.527778 0.937127
0.534722 0.937154
0.541667 0.868835
0.548611 0.867323
0.555556 0.867513
0.5625 0.867553
0.569444 0.789347
0.576389 0.798278
0.583333 0.798671
0.590278 0.798719
0.597222 0.771925
0.604167 0.750746
0.611111 0.750413
0.618056 0.750339
0.625 0.722609
0.631944 0.701382
0.638889 0.699673
0.645833 0.699666
0.652778 0.699619
0.659722 0.646457
0.666667 0.641941
0.673611 0.641703
0.680556 0.64173
0.6875 0.594082
0.694444 0.588006
0.701389 0.58806
0.708333 0.588094
0.715278 0.51003
0.722222 0.49802
0.729167 0.496365
0.736111 0.496379
0.743056 0.41788
0.75 0.41177
0.756944 0.412177
0.763889 0.41215
0.770833 0.41215
0.777778 0.343845
0.784722 0.347195
0.791667 0.347229
0.798611 0.347283
0.805556 0.33945
0.8125 0.334737
0.819444 0.334683
0.826389 0.334628
0.833333 0.323852
0.840278 0.320115
0.847222 0.319851
0.854167 0.319892
0.861111 0.319912
0.868056 0.311822
0.875 0.310744
0.881944 0.310784
0.888889 0.310811
0.895833 0.303087
0.902778 0.302721
0.909722 0.302653
0.916667 0.302605
0.923611 0.294278
0.930556 0.289815
0.9375 0.289707
0.944444 0.289727
0.951389 0.283725
0.958333 0.273681
0.965278 0.273722
0.972222 0.273763
0.979167 0.270345
0.986111 0.259691
0.993056 0.260206
1 0.259888
1.00694 0.259854
1.01389 0.25082
1.02083 0.249112
1.02778 0.249172
1.03472 0.249138
1.04167 0.237569
1.04861 0.235847
1.05556 0.235629
1.0625 0.23565
1.06944 0.235372
1.07639 0.234571
1.08333 0.234775
1.09028 0.234727
1.09722 0.234734
1.10417 0.22914
1.11111 0.229329
1.11806 0.229268
1.125 0.229255
1.13194 0.228237
1.13889 0.227803
1.14583 0.227946
1.15278 0.227959
1.15972 0.227512
1.16667 0.227241
1.17361 0.227091
1.18056 0.227078
1.1875 0.227078
1.19444 0.223897
1.20139 0.224501
1.20833 0.224528
1.21528 0.224535
1.22222 0.22172
1.22917 0.221198
1.23611 0.221178
1.24306 0.221164
1.25 0.217638
1.25694 0.218526
1.26389 0.218323
1.27083 0.218397
1.27778 0.218336
1.28472 0.216939
1.29167 0.216932
1.29861 0.216851
1.30556 0.216851
1.3125 0.212572
1.31944 0.21306
1.32639 0.213047
1.33333 0.21304
1.34028 0.211629
1.34722 0.211317
1.35417 0.211432
1.36111 0.211405
1.36806 0.20916
1.375 0.209805
1.38194 0.209737
1.38889 0.209724
1.39583 0.210334
1.40278 0.208496
1.40972 0.208394
1.41667 0.208435
1.42361 0.208435
1.43056 0.204325
1.4375 0.204569
1.44444 0.204535
1.45139 0.204529
1.45833 0.203735
1.46528 0.203186
1.47222 0.203206
1.47917 0.203227
1.48611 0.198398
1.49306 0.1985
1.5 0.198541
1.50694 0.198527
1.51389 0.196981
1.52083 0.198011
1.52778 0.197991
1.53472 0.197937
1.54167 0.197937
1.54861 0.196492
1.55556 0.196329
1.5625 0.19635
1.56944 0.196357
1.57639 0.193664
1.58333 0.193841
1.59028 0.19397
1.59722 0.193922
1.60417 0.19342
1.61111 0.193447
1.61806 0.193542
1.625 0.193556
1.63194 0.192437
1.63889 0.190863
1.64583 0.19087
1.65278 0.190857
1.65972 0.190511
1.66667 0.187324
1.67361 0.187147
1.68056 0.187154
1.6875 0.187154
1.69444 0.186564
1.70139 0.186408
1.70833 0.18634
1.71528 0.186354
1.72222 0.185445
1.72917 0.185757
1.73611 0.185716
1.74306 0.185642
1.75 0.188212
1.75694 0.186761
1.76389 0.186679
1.77083 0.186726
1.77778 0.186726
1.78472 0.181905
1.79167 0.18202
1.79861 0.181986
1.80556 0.182
1.8125 0.178202
1.81944 0.178277
1.82639 0.178263
1.83333 0.178263
1.84028 0.175428
1.84722 0.175849
1.85417 0.175828
1.86111 0.175788
1.86806 0.172058
1.875 0.171075
1.88194 0.171048
1.88889 0.171054
1.89583 0.171054
1.90278 0.169026
1.90972 0.168972
1.91667 0.168986
1.92361 0.168972
1.93056 0.168376
1.9375 0.168525
1.94444 0.168423
1.95139 0.168443
1.95833 0.164049
1.96528 0.163527
1.97222 0.16352
1.97917 0.16352
1.98611 0.161282
1.99306 0.158874
2 0.159105
2.00694 0.159098
2.01389 0.161173
2.02083 0.156216
2.02778 0.156664
2.03472 0.156657
2.04167 0.156643
2.04861 0.153537
2.05556 0.1529
2.0625 0.153042
2.06944 0.153035
2.07639 0.151164
2.08333 0.15077
2.09028 0.150696
2.09722 0.150709
2.10417 0.150872
2.11111 0.148607
2.11806 0.14881
2.125 0.148777
2.13194 0.145277
2.13889 0.144985
2.14583 0.144897
2.15278 0.144918
2.15972 0.144925
2.16667 0.142931
2.17361 0.143046
2.18056 0.143093
2.1875 0.143093
2.19444 0.140313
2.20139 0.140916
2.20833 0.140883
2.21528 0.14089
2.22222 0.138129
2.22917 0.136224
2.23611 0.135837
2.24306 0.135796
2.25 0.135796
2.25694 0.13366
2.26389 0.133497
2.27083 0.133538
2.27778 0.133545
2.28472 0.134013
2.29167 0.133924
2.29861 0.133823
2.30556 0.133823
2.3125 0.130351
2.31944 0.129496
2.32639 0.129516
2.33333 0.129503
2.34028 0.126906
2.34722 0.124973
2.35417 0.124946
2.36111 0.124959
2.36806 0.124959
2.375 0.120782
2.38194 0.120931
2.38889 0.12089
2.39583 0.119324
2.40278 0.111837
2.40972 0.110982
2.41667 0.111111
2.42361 0.111098
2.43056 0.108059
2.4375 0.108459
2.44444 0.108473
2.45139 0.108466
2.45833 0.107856
2.46528 0.105184
2.47222 0.105109
2.47917 0.10513
2.48611 0.10513
2.49306 0.102702
2.5 0.10243
2.50694 0.102396
2.51389 0.10241
2.52083 0.100606
2.52778 0.100131
2.53472 0.100097
2.54167 0.100138
2.54861 0.09828
2.55556 0.0978188
2.5625 0.0977511
2.56944 0.097724
2.57639 0.094679
2.58333 0.0938109
2.59028 0.0937705
2.59722 0.0937703
2.60417 0.0937703
2.61111 0.0916883
2.61806 0.0918172
2.625 0.0917901
2.63194 0.0917901
2.63889 0.0877548
2.64583 0.0877413
2.65278 0.0877956
2.65972 0.0878227
2.66667 0.0873682
2.67361 0.0872732
2.68056 0.0872801
2.6875 0.0872395
2.69444 0.0862223
2.70139 0.0862494
2.70833 0.0864527
2.71528 0.08648
2.72222 0.0851709
2.72917 0.0830348
2.73611 0.0831162
2.74306 0.0831229
2.75 0.0831229
2.75694 0.0804849
2.76389 0.0805662
2.77083 0.0805459
2.77778 0.0805458
2.78472 0.0788234
2.79167 0.0790608
2.79861 0.0789861
2.80556 0.0789793
2.8125 0.0770127
2.81944 0.0732421
2.82639 0.0732488
2.83333 0.073276
2.84028 0.073276
2.84722 0.0716959
2.85417 0.0716823
2.86111 0.0717026
2.86806 0.0717161
2.875 0.0662908
2.88194 0.0658364
2.88889 0.0657822
2.89583 0.0658161
2.90278 0.061008
2.90972 0.0599839
2.91667 0.0600381
2.92361 0.0600043
2.93056 0.0573256
2.9375 0.0564914
2.94444 0.056471
2.95139 0.0564981
2.95833 0.0564981
2.96528 0.0539345
2.97222 0.0538193
2.97917 0.0538398
2.98611 0.0538466
2.99306 0.0519341
3 0.0517373
3.00694 0.0516491
3.01389 0.0516626
3.02083 0.0484754
3.02778 0.0480481
3.03472 0.0482922
3.04167 0.0483194
3.04861 0.0466918
3.05556 0.0446506
3.0625 0.0446912
3.06944 0.0447183
3.07639 0.0418903
3.08333 0.0403373
3.09028 0.0407782
3.09722 0.0407511
3.10417 0.0407443
3.11111 0.036621
3.11806 0.03656
3.125 0.03656
3.13194 0.0365397
3.13889 0.0338472
3.14583 0.0331556
3.15278 0.0331081
3.15972 0.0331149
3.16667 0.03047
3.17361 0.0300224
3.18056 0.0298868
3.1875 0.0299139
3.19444 0.0299139
3.20139 0.0298597
3.20833 0.0298529
3.21528 0.0298598
3.22222 0.029853
3.22917 0.0298394
3.23611 0.0298258
3.24306 0.0299344
3.25 0.0299412
3.25694 0.0299412
3.26389 0.0298461
3.27083 0.0298732
3.27778 0.0298596
3.28472 0.0298596
3.29167 0.0298054
3.29861 0.0297104
3.30556 0.0297106
3.3125 0.0297106
3.31944 0.0295613
3.32639 0.0295884
3.33333 0.0295749
3.34028 0.0295816
3.34722 0.0295613
3.35417 0.0295885
3.36111 0.0296494
3.36806 0.0295884
3.375 0.0295884
3.38194 0.0296834
3.38889 0.0297377
3.39583 0.0297444
3.40278 0.0297444
3.40972 0.0294936
3.41667 0.0295748
3.42361 0.0295477
3.43056 0.0295477
3.4375 0.0296222
3.44444 0.0294596
3.45139 0.0295002
3.45833 0.0294866
3.46528 0.0295952
3.47222 0.0293917
3.47917 0.0293171
3.48611 0.0293238
3.49306 0.0293238
3.5 0.0291612
3.50694 0.0291748
3.51389 0.0291611
3.52083 0.0291611
3.52778 0.0292561
3.53472 0.0293036
3.54167 0.0293375
3.54861 0.0293375
3.55556 0.0293375
3.5625 0.02929
3.56944 0.0292628
3.57639 0.0292628
3.58333 0.0292628
3.59028 0.0290187
3.59722 0.0290731
3.60417 0.0290731
3.61111 0.0291205
3.61806 0.0289985
3.625 0.0290526
3.63194 0.0290526
3.63889 0.0290526
3.64583 0.0287543
3.65278 0.0287609
3.65972 0.0287202
3.66667 0.0287202
3.67361 0.028605
3.68056 0.0286728
3.6875 0.0287339
3.69444 0.0287203
3.70139 0.0287949
3.70833 0.0285304
3.71528 0.0286526
3.72222 0.0286662
3.72917 0.0286662
3.73611 0.0286458
3.74306 0.0286729
3.75 0.0286932
3.75694 0.0286932
3.76389 0.0286457
3.77083 0.0286389
3.77778 0.0286253
3.78472 0.0286253
3.79167 0.0284288
3.79861 0.0284423
3.80556 0.0284356
3.8125 0.0284356
3.81944 0.0283135
3.82639 0.0284288
3.83333 0.028395
3.84028 0.0283881
3.84722 0.0283881
3.85417 0.0282457
3.86111 0.0282321
3.86806 0.0282388
3.875 0.0282388
3.88194 0.0280557
3.88889 0.0281507
3.89583 0.0281846
3.90278 0.0281846
3.90972 0.0281032
3.91667 0.0280761
3.92361 0.0280354
3.93056 0.0280354
3.9375 0.0279066
3.94444 0.0278862
3.95139 0.0278794
3.95833 0.0278794
3.96528 0.0278794
3.97222 0.0275403
3.97917 0.0276828
3.98611 0.0276624
3.99306 0.0276624
4 0.0278116
4.00694 0.0277302
4.01389 0.0277166
4.02083 0.0277166
4.02778 0.0276759
4.03472 0.0276149
4.04167 0.0276691
4.04861 0.0276623
4.05556 0.0277911
4.0625 0.0275268
4.06944 0.027554
4.07639 0.0275675
4.08333 0.0275403
4.09028 0.0275201
4.09722 0.0276354
4.10417 0.0276489
4.11111 0.0276489
4.11806 0.0274862
4.125 0.0275879
4.13194 0.0275743
4.13889 0.0275743
4.14583 0.02752
4.15278 0.0273573
4.15972 0.0274047
4.16667 0.0274182
4.17361 0.0274996
4.18056 0.0273234
4.1875 0.0273369
4.19444 0.0273369
4.20139 0.0274048
4.20833 0.0272013
4.21528 0.0273436
4.22222 0.0273436
4.22917 0.0273436
4.23611 0.0273301
4.24306 0.0272622
4.25 0.0272759
4.25694 0.0272759
4.26389 0.0271538
4.27083 0.0270724
4.27778 0.0270249
4.28472 0.0270181
4.29167 0.0270181
4.29861 0.0269638
4.30556 0.0269299
4.3125 0.0269368
4.31944 0.0269368
4.32639 0.026774
4.33333 0.0267943
4.34028 0.0268011
4.34722 0.0268011
4.35417 0.0266791
4.36111 0.0265977
4.36806 0.026557
4.375 0.026557
4.38194 0.0266248
4.38889 0.0264621
4.39583 0.0264825
4.40278 0.0265028
4.40972 0.0265028
4.41667 0.0266249
4.42361 0.0266655
4.43056 0.0266587
4.4375 0.0266587
4.44444 0.0267197
4.45139 0.0265841
4.45833 0.0265909
4.46528 0.0265909
4.47222 0.0265163
4.47917 0.0264552
4.48611 0.0264552
4.49306 0.0264552
4.5 0.0264213
4.50694 0.026401
4.51389 0.0263942
4.52083 0.0263942
4.52778 0.0263942
4.53472 0.0263806
4.54167 0.0264214
4.54861 0.0264078
4.55556 0.0264078
4.5625 0.026401
4.56944 0.0262382
4.57639 0.0262518
4.58333 0.0265299
4.59028 0.0262993
4.59722 0.0262248
4.60417 0.0262791
4.61111 0.0262791
4.61806 0.0264417
4.625 0.0263604
4.63194 0.0263197
4.63889 0.0263264
4.64583 0.0262383
4.65278 0.0264146
4.65972 0.0263604
4.66667 0.0263672
4.67361 0.0263672
4.68056 0.0262791
4.6875 0.0262722
4.69444 0.026279
4.70139 0.026279
4.70833 0.0260619
4.71528 0.0260417
4.72222 0.0260145
4.72917 0.0260145
4.73611 0.0260347
4.74306 0.0259806
4.75 0.0260348
4.75694 0.0260348
4.76389 0.026028
4.77083 0.026028
4.77778 0.0259942
4.78472 0.0259874
4.79167 0.0259874
4.79861 0.0259805
4.80556 0.0259807
4.8125 0.0259942
4.81944 0.0259942
4.82639 0.0259603
4.83333 0.0260281
4.84028 0.0260417
4.84722 0.0260417
4.85417 0.0260755
4.86111 0.0260484
4.86806 0.0260755
4.875 0.0260687
4.88194 0.0260687
4.88889 0.0260619
4.89583 0.0260891
4.90278 0.0260959
4.90972 0.0260959
4.91667 0.0261366
4.92361 0.026123
4.93056 0.026123
4.9375 0.026123
4.94444 0.0260145
4.95139 0.0260891
4.95833 0.0261026
4.96528 0.0261026
4.97222 0.0259941
4.97917 0.0258042
4.98611 0.0257907
4.99306 0.0257907
5 0.0258043
5.00694 0.0257907
5.01389 0.0257772
5.02083 0.0257704
5.02778 0.0257704
5.03472 0.0257296
5.04167 0.0257907
5.04861 0.0257771
5.05556 0.0257771
5.0625 0.0257636
5.06944 0.0257771
5.07639 0.0257906
5.08333 0.0257906
5.09028 0.0258382
5.09722 0.0258856
5.10417 0.0258652
5.11111 0.0258652
5.11806 0.0260009
5.125 0.0258111
5.13194 0.0258992
5.13889 0.0258992
5.14583 0.0258992
5.15278 0.0259738
5.15972 0.0259805
5.16667 0.0259805
5.17361 0.0259805
5.18056 0.0260688
5.1875 0.0260891
5.19444 0.026089
5.20139 0.026089
5.20833 0.0260958
5.21528 0.0261298
5.22222 0.0260959
5.22917 0.0260958
5.23611 0.0260958
5.24306 0.0261569
5.25 0.0261502
5.25694 0.0261501
5.26389 0.0261501
5.27083 0.0261502
5.27778 0.0261163
5.28472 0.026123
5.29167 0.026123
5.29861 0.0261094
5.30556 0.0260552
5.3125 0.0260213
5.31944 0.0260213
5.32639 0.0258924
5.33333 0.0259331
5.34028 0.0259805
5.34722 0.0259873
5.35417 0.0260077
5.36111 0.0258789
5.36806 0.0259263
5.375 0.0259263
5.38194 0.0259263
5.38889 0.0258178
5.39583 0.0257771
5.40278 0.0257703
5.40972 0.0257703
5.41667 0.0257026
5.42361 0.0258043
5.43056 0.0258314
5.4375 0.0258314
5.44444 0.0257364
5.45139 0.0257365
5.45833 0.0256958
5.46528 0.025689
5.47222 0.0255059
5.47917 0.025343
5.48611 0.0253228
5.49306 0.025316
5.5 0.025316
5.50694 0.0251328
5.51389 0.0250582
5.52083 0.0250718
5.52778 0.0250718
5.53472 0.02516
5.54167 0.0251125
5.54861 0.0251125
5.55556 0.0251125
5.5625 0.0250854
5.56944 0.0249904
5.57639 0.0250312
5.58333 0.025038
5.59028 0.0249905
5.59722 0.0249972
5.60417 0.0249972
5.61111 0.0249972
5.61806 0.0249972
5.625 0.0248955
5.63194 0.0248345
5.63889 0.0248277
5.64583 0.0248006
5.65278 0.0246243
5.65972 0.0246378
5.66667 0.0246242
5.67361 0.0246242
5.68056 0.0244546
5.6875 0.0245565
5.69444 0.0245971
5.70139 0.0245971
5.70833 0.0245157
5.71528 0.0243326
5.72222 0.0243462
5.72917 0.0243326
5.73611 0.0243326
5.74306 0.0243055
5.75 0.0243802
5.75694 0.0243734
5.76389 0.0243734
5.77083 0.0243054
5.77778 0.024326
5.78472 0.0243395
5.79167 0.0243395
5.79861 0.0242851
5.80556 0.0243326
5.8125 0.0243462
5.81944 0.0243462
5.82639 0.0242852
5.83333 0.0242716
5.84028 0.0242783
5.84722 0.0242513
5.85417 0.0242513
5.86111 0.0243462
5.86806 0.0243733
5.875 0.024353
5.88194 0.024353
5.88889 0.0243733
5.89583 0.0244208
5.90278 0.0243937
5.90972 0.0243937
5.91667 0.0242716
5.92361 0.024258
5.93056 0.0242579
5.9375 0.0242579
5.94444 0.0242104
5.95139 0.0240681
5.95833 0.0240681
5.96528 0.0240682
5.97222 0.0240682
5.97917 0.0239868
5.98611 0.0239529
5.99306 0.0239664
6 0.0239935
6.00694 0.023824
6.01389 0.0238646
6.02083 0.0238782
6.02778 0.0238782
6.03472 0.0238715
6.04167 0.0240004
6.04861 0.0239936
6.05556 0.02398
6.0625 0.0239732
6.06944 0.0239597
6.07639 0.0239868
6.08333 0.0239936
6.09028 0.0239936
6.09722 0.024136
6.10417 0.0241021
6.11111 0.0241157
6.11806 0.0241157
6.125 0.0240886
6.13194 0.0241089
6.13889 0.0241766
6.14583 0.0241766
6.15278 0.0240886
6.15972 0.0242512
6.16667 0.0242173
6.17361 0.0242241
6.18056 0.0243597
6.1875 0.024136
6.19444 0.0241157
6.20139 0.024136
6.20833 0.024136
6.21528 0.0240071
6.22222 0.0240072
6.22917 0.0240275
6.23611 0.0240275
6.24306 0.0239054
6.25 0.0240071
6.25694 0.0239529
6.26389 0.0239529
6.27083 0.023919
6.27778 0.0238919
6.28472 0.0238987
6.29167 0.0238919
6.29861 0.0238648
6.30556 0.0238986
6.3125 0.0238444
6.31944 0.0238376
6.32639 0.0238647
6.33333 0.0237969
6.34028 0.0237088
6.34722 0.0236953
6.35417 0.023641
6.36111 0.0235392
6.36806 0.0236138
6.375 0.023607
6.38194 0.023607
6.38889 0.0235866
6.39583 0.0235933
6.40278 0.023607
6.40972 0.0236002
6.41667 0.0236341
6.42361 0.0235596
6.43056 0.023485
6.4375 0.0234917
6.44444 0.0234917
6.45139 0.0233221
6.45833 0.0233289
6.46528 0.0233492
6.47222 0.0233492
6.47917 0.023451
6.48611 0.0234035
6.49306 0.02339
6.5 0.02339
6.50694 0.0234035
6.51389 0.0232204
6.52083 0.0232476
6.52778 0.0232476
6.53472 0.0233764
6.54167 0.0233154
6.54861 0.0233086
6.55556 0.0233018
6.5625 0.0233018
6.56944 0.0231322
6.57639 0.0231798
6.58333 0.0232001
6.59028 0.0232001
6.59722 0.0232136
6.60417 0.0231187
6.61111 0.0231187
6.61806 0.0231187
6.625 0.0229492
6.63194 0.0229831
6.63889 0.0230034
6.64583 0.0230034
6.65278 0.0230034
6.65972 0.0229152
6.66667 0.0228881
6.67361 0.0228881
6.68056 0.0228609
6.6875 0.0228678
6.69444 0.0228678
6.70139 0.022861
6.70833 0.0229085
6.71528 0.0229153
6.72222 0.0228542
6.72917 0.0228474
6.73611 0.0228474
6.74306 0.0228814
6.75 0.0227322
6.75694 0.0226711
6.76389 0.0226644
6.77083 0.0226576
6.77778 0.0225153
6.78472 0.0225898
6.79167 0.0225831
6.79861 0.0225831
6.80556 0.0227659
6.8125 0.022766
6.81944 0.022766
6.82639 0.022766
6.83333 0.0226507
6.84028 0.022705
6.84722 0.0226914
6.85417 0.0226914
6.86111 0.0226981
6.86806 0.022671
6.875 0.0226574
6.88194 0.0226574
6.88889 0.0226235
6.89583 0.0226303
6.90278 0.0226712
6.90972 0.0226575
6.91667 0.0226575
6.92361 0.0227457
6.93056 0.0228339
6.9375 0.0228271
6.94444 0.0228271
6.95139 0.0226643
6.95833 0.022705
6.96528 0.0226914
6.97222 0.0226914
6.97917 0.0227932
6.98611 0.0228474
6.99306 0.0228814
7 0.0228814
7.00694 0.022895
7.01389 0.0227389
7.02083 0.0227796
7.02778 0.0227999
7.03472 0.0226575
7.04167 0.0226642
7.04861 0.0227593
7.05556 0.0227525
7.0625 0.0227525
7.06944 0.0229967
7.07639 0.0229627
7.08333 0.0229831
7.09028 0.0229831
7.09722 0.022922
7.10417 0.0228949
7.11111 0.0229017
7.11806 0.0228949
7.125 0.0227728
7.13194 0.0227322
7.13889 0.0227932
7.14583 0.0227932
7.15278 0.0227932
7.15972 0.0227863
7.16667 0.0228203
7.17361 0.0228203
7.18056 0.0228203
7.1875 0.022861
7.19444 0.0228949
7.20139 0.0228678
7.20833 0.0228678
7.21528 0.0227593
7.22222 0.0227661
7.22917 0.0227118
7.23611 0.0227186
7.24306 0.0226575
7.25 0.0226643
7.25694 0.0226846
7.26389 0.0226914
7.27083 0.0225354
7.27778 0.0225761
7.28472 0.0225762
7.29167 0.0225762
7.29861 0.0225762
7.30556 0.0225422
7.3125 0.022488
7.31944 0.022488
7.32639 0.022488
7.33333 0.0223387
7.34028 0.0222303
7.34722 0.0222235
7.35417 0.0222235
7.36111 0.0221964
7.36806 0.0220539
7.375 0.0219658
7.38194 0.0219794
7.38889 0.0218709
7.39583 0.0216539
7.40278 0.0216267
7.40972 0.0216403
7.41667 0.0218709
7.42361 0.0217352
7.43056 0.0216945
7.4375 0.0216471
7.44444 0.0216471
7.45139 0.0216946
7.45833 0.0216539
7.46528 0.021681
7.47222 0.0216539
7.47917 0.0217285
7.48611 0.0216132
7.49306 0.0215792
7.5 0.0215725
7.50694 0.0215725
7.51389 0.0213487
7.52083 0.0213351
7.52778 0.0213351
7.53472 0.0213351
7.54167 0.0213012
7.54861 0.0213961
7.55556 0.0213758
7.5625 0.0213758
7.56944 0.0214843
7.57639 0.0212267
7.58333 0.0212741
7.59028 0.0212741
7.59722 0.0213216
7.60417 0.0212877
7.61111 0.021308
7.61806 0.021308
7.625 0.0213623
7.63194 0.0210164
7.63889 0.020996
7.64583 0.0210096
7.65278 0.0210096
7.65972 0.0210707
7.66667 0.0210842
7.67361 0.0210843
7.68056 0.0210843
7.6875 0.0210978
7.69444 0.0210842
7.70139 0.0211316
7.70833 0.0211248
7.71528 0.0211384
7.72222 0.0210774
7.72917 0.0211317
7.73611 0.0211317
7.74306 0.0211317
7.75 0.0211452
7.75694 0.021213
7.76389 0.0212198
7.77083 0.0213148
7.77778 0.0210774
7.78472 0.0211655
7.79167 0.0211927
7.79861 0.0211927
7.80556 0.0212198
7.8125 0.0210571
7.81944 0.021091
7.82639 0.0211046
7.83333 0.0210232
7.84028 0.0208468
7.84722 0.0208943
7.85417 0.0208807
7.86111 0.0208603
7.86806 0.0207518
7.875 0.0207383
7.88194 0.0207383
7.88889 0.0207383
7.89583 0.0206094
7.90278 0.0207383
7.90972 0.0207383
7.91667 0.0207383
7.92361 0.0205891
7.93056 0.0207519
7.9375 0.020718
7.94444 0.0207248
7.95139 0.020779
7.95833 0.020718
7.96528 0.0206637
7.97222 0.0206705
7.97917 0.0206705
7.98611 0.0206637
7.99306 0.0206434
8 0.020657
8.00694 0.020657
8.01389 0.0206638
8.02083 0.0205485
8.02778 0.0205756
8.03472 0.0205756
8.04167 0.0205349
8.04861 0.0206298
8.05556 0.0205823
8.0625 0.0205891
8.06944 0.0205756
8.07639 0.0204535
8.08333 0.0204671
8.09028 0.0204671
8.09722 0.0204671
8.10417 0.0203653
8.11111 0.0203111
8.11806 0.0203179
8.125 0.0203179
8.13194 0.0202297
8.13889 0.0202297
8.14583 0.0202433
8.15278 0.0202433
8.15972 0.020284
8.16667 0.020128
8.17361 0.0201687
8.18056 0.0201687
8.1875 0.0201009
8.19444 0.019972
8.20139 0.0200059
8.20833 0.0200194
8.21528 0.0199787
8.22222 0.0198703
8.22917 0.0198296
8.23611 0.019816
8.24306 0.019816
8.25 0.0196533
8.25694 0.0196601
8.26389 0.0196465
8.27083 0.0196465
8.27778 0.0193482
8.28472 0.0194566
8.29167 0.0194566
8.29861 0.0194566
8.30556 0.0194159
8.3125 0.019321
8.31944 0.0193006
8.32639 0.0192803
8.33333 0.0192803
8.34028 0.0192531
8.34722 0.0192939
8.35417 0.0192939
8.36111 0.0192939
8.36806 0.0194498
8.375 0.0194702
8.38194 0.0194566
8.38889 0.0194566
8.39583 0.0193617
8.40278 0.0194227
8.40972 0.0194499
8.41667 0.0194499
8.42361 0.0194363
8.43056 0.019321
8.4375 0.0192667
8.44444 0.0192735
8.45139 0.0192735
8.45833 0.0191514
8.46528 0.0191514
8.47222 0.0191582
8.47917 0.0190971
8.48611 0.0190226
8.49306 0.0190565
8.5 0.0190701
8.50694 0.0190701
8.51389 0.0190091
8.52083 0.0191175
8.52778 0.0191175
8.53472 0.0191107
8.54167 0.0190362
8.54861 0.0190565
8.55556 0.0190497
8.5625 0.0190498
8.56944 0.0190498
8.57639 0.0189548
8.58333 0.018887
8.59028 0.0188937
8.59722 0.0188937
8.60417 0.018887
8.61111 0.0188599
8.61806 0.0188259
8.625 0.0188259
8.63194 0.0187852
8.63889 0.0187988
8.64583 0.0187988
8.65278 0.0188056
8.65972 0.0188395
8.66667 0.0187649
8.67361 0.0187038
8.68056 0.0187038
8.6875 0.0187513
8.69444 0.0187649
8.70139 0.0186971
8.70833 0.0187039
8.71528 0.0187039
8.72222 0.018175
8.72917 0.0182291
8.73611 0.0181884
8.74306 0.0181884
8.75 0.0181477
8.75694 0.0179646
8.76389 0.0179646
8.77083 0.0179646
8.77778 0.0178289
8.78472 0.0179918
8.79167 0.0179782
8.79861 0.0179578
8.80556 0.0179578
8.8125 0.0178494
8.81944 0.0178765
8.82639 0.0178561
8.83333 0.0178561
8.84028 0.0176121
8.84722 0.0176595
8.85417 0.0176392
8.86111 0.0176392
8.86806 0.0177205
8.875 0.0176255
8.88194 0.0176391
8.88889 0.0176391
8.89583 0.0176324
8.90278 0.01749
8.90972 0.0174696
8.91667 0.0174424
8.92361 0.0174424
8.93056 0.017395
8.9375 0.017395
8.94444 0.0173814
8.95139 0.0173814
8.95833 0.0174221
8.96528 0.0173204
8.97222 0.0173068
8.97917 0.0173068
8.98611 0.0172594
8.99306 0.0172797
9 0.0172797
9.00694 0.0172865
9.01389 0.0171712
9.02083 0.0172593
9.02778 0.0172458
9.03472 0.0172526
9.04167 0.0172526
9.04861 0.017117
9.05556 0.0170627
9.0625 0.0170627
9.06944 0.0170627
9.07639 0.0169609
9.08333 0.0169203
9.09028 0.0169067
9.09722 0.0169067
9.10417 0.0168932
9.11111 0.0167914
9.11806 0.0167711
9.125 0.0167711
9.13194 0.0167981
9.13889 0.0167304
9.14583 0.016649
9.15278 0.0166422
9.15972 0.0166422
9.16667 0.0165743
9.17361 0.0164862
9.18056 0.0164998
9.1875 0.0164998
9.19444 0.0164455
9.20139 0.0162421
9.20833 0.0162353
9.21528 0.0162353
9.22222 0.0160183
9.22917 0.0160658
9.23611 0.0160997
9.24306 0.0160929
9.25 0.0160929
9.25694 0.01612
9.26389 0.0161065
9.27083 0.0161065
9.27778 0.0161065
9.28472 0.0161064
9.29167 0.0161201
9.29861 0.0161133
9.30556 0.0161133
9.3125 0.0157606
9.31944 0.0158284
9.32639 0.0157877
9.33333 0.0157877
9.34028 0.0156589
9.34722 0.0157132
9.35417 0.0157741
9.36111 0.0157741
9.36806 0.0155639
9.375 0.0155164
9.38194 0.0155436
9.38889 0.0155436
9.39583 0.0157674
9.40278 0.0151706
9.40972 0.0152317
9.41667 0.0152791
9.42361 0.0156996
9.43056 0.0152384
9.4375 0.0152045
9.44444 0.0152113
9.45139 0.0152113
9.45833 0.0150078
9.46528 0.0149943
9.47222 0.0149604
9.47917 0.0149604
9.48611 0.0149604
9.49306 0.0148857
9.5 0.0149061
9.50694 0.0149061
9.51389 0.0149061
9.52083 0.0147366
9.52778 0.0148925
9.53472 0.0148925
9.54167 0.0148925
9.54861 0.0149265
9.55556 0.0148586
9.5625 0.014879
9.56944 0.014879
9.57639 0.0146823
9.58333 0.0146213
9.59028 0.0146755
9.59722 0.0146959
9.60417 0.0148519
9.61111 0.0146213
9.61806 0.0147027
9.625 0.0147095
9.63194 0.0147095
9.63889 0.0147704
9.64583 0.0147773
9.65278 0.0147908
9.65972 0.0147908
9.66667 0.0145738
9.67361 0.0146755
9.68056 0.0146552
9.6875 0.0146552
9.69444 0.0146959
9.70139 0.0145534
9.70833 0.0146145
9.71528 0.0146145
9.72222 0.014445
9.72917 0.0145331
9.73611 0.0144857
9.74306 0.0144925
9.75 0.0145196
9.75694 0.0144789
9.76389 0.014445
9.77083 0.0144178
9.77778 0.0146213
9.78472 0.0139838
9.79167 0.0140109
9.79861 0.013977
9.80556 0.013977
9.8125 0.0141466
9.81944 0.0132853
9.82639 0.0132582
9.83333 0.0132446
9.84028 0.0132378
9.84722 0.0132785
9.85417 0.0132786
9.86111 0.0132717
9.86806 0.0132717
9.875 0.0132039
9.88194 0.0132718
9.88889 0.0132989
9.89583 0.0132989
9.90278 0.0134005
9.90972 0.0134481
9.91667 0.0134277
9.92361 0.0134277
9.93056 0.0133734
9.9375 0.0133463
9.94444 0.0133802
9.95139 0.013387
9.95833 0.0135633
9.96528 0.0133531
9.97222 0.0139634
9.97917 0.0139431
9.98611 0.0139431
9.99306 0.0138482
10 0.0138753
10.0069 0.0138753
10.0139 0.0138753
10.0208 0.0139567
10.0278 0.0139364
10.0347 0.0138957
10.0417 0.0138957
10.0486 0.0138753
10.0556 0.0138889
10.0625 0.0138956
10.0694 0.0138821
10.0764 0.0139092
10.0833 0.0139634
10.0903 0.0140448
10.0972 0.0140381
10.1042 0.0140381
10.1111 0.0138549
10.1181 0.0138413
10.125 0.0138278
10.1319 0.0138549
10.1389 0.0139363
10.1458 0.0138414
10.1528 0.0138278
10.1597 0.0138278
10.1667 0.0137872
10.1736 0.0136719
10.1806 0.0136583
10.1875 0.0136651
10.1944 0.0135566
10.2014 0.0136379
10.2083 0.0136311
10.2153 0.0136379
10.2222 0.0136176
10.2292 0.0135701
10.2361 0.0136312
10.2431 0.0135972
10.25 0.0135972
10.2569 0.0134752
10.2639 0.0134819
10.2708 0.0134684
10.2778 0.0134684
10.2847 0.0134548
10.2917 0.0133735
10.2986 0.0133803
10.3056 0.0133735
10.3125 0.0133735
10.3194 0.0132311
10.3264 0.0131429
10.3333 0.0131633
10.3403 0.0131633
10.3472 0.0131496
10.3542 0.0131971
10.3611 0.0131971
10.3681 0.0131971
10.375 0.0132039
10.3819 0.0129869
10.3889 0.0129801
10.3958 0.0129801
10.4028 0.0129055
10.4097 0.0128987
10.4167 0.0129123
10.4236 0.0129055
10.4306 0.0128445
10.4375 0.012892
10.4444 0.0128581
10.4514 0.0128581
10.4583 0.0128581
10.4653 0.0129123
10.4722 0.0129055
10.4792 0.0129395
10.4861 0.0129395
10.4931 0.0130005
10.5 0.0130072
10.5069 0.0130208
10.5139 0.0130208
10.5208 0.0130886
10.5278 0.0128784
10.5347 0.0128852
10.5417 0.0128784
10.5486 0.0128852
10.5556 0.0129191
10.5625 0.0128919
10.5694 0.0129055
10.5764 0.0129123
10.5833 0.0127563
10.5903 0.0126885
10.5972 0.0126546
10.6042 0.012675
10.6111 0.0123562
10.6181 0.0122884
10.625 0.0122545
10.6319 0.0122545
10.6389 0.0122545
10.6458 0.0123087
10.6528 0.0122274
10.6597 0.0122274
10.6667 0.0122884
10.6736 0.0120917
10.6806 0.0121528
10.6875 0.0121528
10.6944 0.0121528
10.7014 0.0121934
10.7083 0.0121257
10.7153 0.0121256
10.7222 0.0121256
10.7292 0.0119764
10.7361 0.0118544
10.7431 0.011834
10.75 0.011834
10.7569 0.0115289
10.7639 0.0115763
10.7708 0.0115628
10.7778 0.0115695
10.7847 0.0115289
10.7917 0.0115356
10.7986 0.0114407
10.8056 0.0114339
10.8125 0.0110541
10.8194 0.0107829
10.8264 0.0108168
10.8333 0.0108236
10.8403 0.0108236
10.8472 0.0109049
10.8542 0.0109049
10.8611 0.0109388
10.8681 0.0109388
10.875 0.0109592
10.8819 0.0109253
10.8889 0.0108778
10.8958 0.0108846
10.9028 0.0107625
10.9097 0.0107557
10.9167 0.0107354
10.9236 0.0107422
10.9306 0.0108303
10.9375 0.0108643
10.9444 0.0108371
10.9514 0.0108371
10.9583 0.0108371
10.9653 0.0108304
10.9722 0.01081
10.9792 0.0108032
10.9861 0.0108032
10.9931 0.0106201
11 0.0106947
11.0069 0.0107218
11.0139 0.0107218
11.0208 0.0107218
11.0278 0.0110202
11.0347 0.0109728
11.0417 0.0109592
11.0486 0.0109592
11.0556 0.0108236
11.0625 0.0108643
11.0694 0.0108507
11.0764 0.0108507
11.0833 0.0107219
11.0903 0.0107286
11.0972 0.0106947
11.1042 0.0106947
11.1111 0.0108304
11.1181 0.0106608
11.125 0.0106405
11.1319 0.0106405
11.1389 0.0106947
11.1458 0.0105048
11.1528 0.0105252
11.1597 0.0105184
11.1667 0.0105184
11.1736 0.0105726
11.1806 0.0105252
11.1875 0.0105048
11.1944 0.0105048
11.2014 0.0103014
11.2083 0.0103556
11.2153 0.0103217
11.2222 0.0103217
11.2292 0.0102064
11.2361 0.00994873
11.2431 0.00993516
11.25 0.00993516
11.2569 0.00997586
11.2639 0.00996228
11.2708 0.00994872
11.2778 0.00995551
11.2847 0.00995551
11.2917 0.00986735
11.2986 0.00990124
11.3056 0.00989446
11.3125 0.00989446
11.3194 0.00979953
11.3264 0.00969781
11.3333 0.00971817
11.3403 0.00971817
11.3472 0.00991481
11.3542 0.00968425
11.3611 0.00965034
11.3681 0.00965034
11.375 0.00910103
11.3819 0.00947402
11.3889 0.00941298
11.3958 0.00941976
11.4028 0.00941976
11.4097 0.00895182
11.4167 0.00895184
11.4236 0.00889758
11.4306 0.00889758
11.4375 0.00880266
11.4444 0.00852457
11.4514 0.00853813
11.4583 0.00853813
11.4653 0.00857884
11.4722 0.00850422
11.4792 0.00850422
11.4861 0.00850422
11.4931 0.0087348
11.5 0.00838896
11.5069 0.00836859
11.5139 0.00834825
11.5208 0.00834825
11.5278 0.00835506
11.5347 0.00834149
11.5417 0.00834149
11.5486 0.00834149
11.5556 0.00826011
11.5625 0.0081923
11.5694 0.00819908
11.5764 0.00819908
11.5833 0.00829405
11.5903 0.00842966
11.5972 0.00844324
11.6042 0.00843646
11.6111 0.00843646
11.6181 0.00832789
11.625 0.00828722
11.6319 0.00828722
11.6389 0.00833469
11.6458 0.00812447
11.6528 0.00811092
11.6597 0.00812448
11.6667 0.00812448
11.6736 0.0081109
11.6806 0.00802274
11.6875 0.00804311
11.6944 0.00804311
11.7014 0.00805665
11.7083 0.00794136
11.7153 0.00791422
11.7222 0.00793456
11.7292 0.00782605
11.7361 0.00764976
11.7431 0.00756836
11.75 0.0075616
11.7569 0.00760229
11.7639 0.0073717
11.7708 0.00734457
11.7778 0.00733101
11.7847 0.00733101
11.7917 0.00717503
11.7986 0.00718859
11.8056 0.00720894
11.8125 0.00720894
11.8194 0.00712078
11.8264 0.00704617
11.8333 0.00705295
11.8403 0.00705974
11.8472 0.00702585
11.8542 0.00687662
11.8611 0.00686984
11.8681 0.00687662
11.875 0.00686984
11.8819 0.00670711
11.8889 0.00673423
11.8958 0.00673424
11.9028 0.00673424
11.9097 0.00658504
11.9167 0.00655793
11.9236 0.00653758
11.9306 0.00653758
11.9375 0.00658504
11.9444 0.00662574
11.9514 0.00659183
11.9583 0.00659861
11.9653 0.00666643
11.9722 0.00660539
11.9792 0.00658504
11.9861 0.00657827
11.9931 0.00657827
12 0.00644942
12.0069 0.0065308
12.0139 0.00653079
12.0208 0.00653079
12.0278 0.00654436
12.0347 0.00645622
12.0417 0.00645622
12.0486 0.00645622
12.0556 0.00648329
12.0625 0.00644939
12.0694 0.00648331
12.0764 0.00646974
12.0833 0.00651722
12.0903 0.00654435
12.0972 0.00655113
12.1042 0.00653079
12.1111 0.00653079
12.1181 0.00667999
12.125 0.00654435
12.1319 0.00655114
12.1389 0.00655114
12.1458 0.00634768
12.1528 0.0063341
12.1597 0.00631376
12.1667 0.00631376
12.1736 0.00652399
12.1806 0.00605605
12.1875 0.00608996
12.1944 0.00609674
12.2014 0.00606283
12.2083 0.005995
12.2153 0.00599502
12.2222 0.0060018
12.2292 0.00601536
12.2361 0.00603571
12.2431 0.00598825
12.25 0.00596791
12.2569 0.00596791
12.2639 0.00558816
12.2708 0.00584587
12.2778 0.00589332
12.2847 0.00589332
12.2917 0.00579841
12.2986 0.0055678
12.3056 0.00550678
12.3125 0.00551356
12.3194 0.00548643
12.3264 0.00564915
12.3333 0.0056695
12.3403 0.00566949
12.3472 0.00566949
12.3542 0.00495068
12.3611 0.00490323
12.3681 0.00492358
12.375 0.00492358
12.3819 0.00492355
12.3889 0.00472007
12.3958 0.00473363
12.4028 0.00473363
12.4097 0.00458446
12.4167 0.00457769
12.4236 0.00459802
12.4306 0.0046048
12.4375 0.00490999
12.4444 0.00418433
12.4514 0.0042318
12.4583 0.0042318
12.4653 0.0038656
12.4722 0.00391985
12.4792 0.0038724
12.4861 0.00388596
12.4931 0.00388596
12.5 0.00438103
12.5069 0.00459126
12.5139 0.00461839
12.5208 0.00461839
12.5278 0.00485574
12.5347 0.00383176
12.5417 0.00380464
12.5486 0.00381142
12.5556 0.00393347
12.5625 0.00386554
12.5694 0.00370963
12.5764 0.00370285
12.5833 0.00401483
12.5903 0.0037164
12.5972 0.00418435
12.6042 0.00417761
12.6111 0.00417761
12.6181 0.00384527
12.625 0.00375032
12.6319 0.00376388
12.6389 0.00376388
12.6458 0.00330268
12.6528 0.00302473
12.6597 0.00302471
12.6667 0.00302471
12.6736 0.00273309
12.6806 0.00204814
12.6875 0.00195996
12.6944 0.0019736
12.7014 0.00222452
12.7083 0.0021702
12.7153 0.00210906
12.7222 0.00212262
12.7292 0.00208872
12.7361 0.00204806
12.7431 0.00158013
12.75 0.0018989
12.7569 0.0018989
12.7639 0.0018989
12.7708 0.00184465
12.7778 0.00187177
12.7847 0.00187177
12.7917 0.00187177
12.7986 0.00191924
12.8056 0.00185823
12.8125 0.00185823
12.8194 0.00185823
12.8264 0.00185823
12.8333 0.00180394
12.8403 0.00177681
12.8472 0.00177681
12.8542 0.00177681
12.8611 0.00177681
12.8681 0.00177003
12.875 0.00177003
12.8819 0.00177003
12.8889 0.00180394
12.8958 0.00177003
12.9028 0.00176325
12.9097 0.00176325
12.9167 0.00176325
12.9236 0.00176325
12.9306 0.00176325
12.9375 0.00176325
12.9444 0.00176325
12.9514 0.00177003
12.9583 0.00176325
12.9653 0.00176325
12.9722 0.00176325
12.9792 0.00178359
12.9861 0.0017768
12.9931 0.0017768
13 0.0017768
13.0069 0.00178359
13.0139 0.00175646
13.0208 0.00176324
13.0278 0.00176324
13.0347 0.00175646
13.0417 0.00193956
13.0486 0.00195312
13.0556 0.00195312
13.0625 0.00195312
13.0694 0.00197346
13.0764 0.00197346
13.0833 0.00197346
13.0903 0.00198024
13.0972 0.00195313
13.1042 0.00195993
13.1111 0.00195993
13.1181 0.00195993
13.125 0.00196671
13.1319 0.00198031
13.1389 0.00198031
13.1458 0.00198031
13.1528 0.00197353
13.1597 0.00197348
13.1667 0.00198706
13.1736 0.00198706
13.1806 0.00198706
13.1875 0.00196672
13.1944 0.00196669
13.2014 0.00196669
13.2083 0.00196669
13.2153 0.00195991
13.2222 0.00195991
13.2292 0.00195991
13.2361 0.00195991
13.2431 0.00197347
13.25 0.00183106
13.2569 0.00197347
13.2639 0.00197347
13.2708 0.00200059
13.2778 0.00198703
13.2847 0.00198703
13.2917 0.00198703
13.2986 0.00198703
13.3056 0.00195993
13.3125 0.00199383
13.3194 0.00199383
13.3264 0.00199383
13.3333 0.00201418
13.3403 0.00199384
13.3472 0.00199384
13.3542 0.00199384
13.3611 0.00199384
13.3681 0.0019803
13.375 0.0019803
13.3819 0.0019803
13.3889 0.0019803
13.3958 0.0019803
13.4028 0.0019803
13.4097 0.0019803
13.4167 0.0019803
13.4236 0.0019803
13.4306 0.00198031
13.4375 0.00198031
13.4444 0.00198031
13.4514 0.00195316
13.4583 0.00198029
13.4653 0.00198029
13.4722 0.00198029
13.4792 0.00185144
13.4861 0.00197351
13.4931 0.00198029
13.5 0.00198029
13.5069 0.00198029
13.5139 0.00181754
13.5208 0.00179718
13.5278 0.00179718
13.5347 0.00183109
13.5417 0.00190569
13.5486 0.00181753
13.5556 0.00181753
13.5625 0.00181753
13.5694 0.00183787
13.5764 0.00179721
13.5833 0.00179721
13.5903 0.00179721
13.5972 0.00181077
13.6042 0.00180399
13.6111 0.00180399
13.6181 0.00180399
13.625 0.00178367
13.6319 0.001804
13.6389 0.00181078
13.6458 0.00181078
13.6528 0.00181078
13.6597 0.00179722
13.6667 0.00181077
13.6736 0.00181077
13.6806 0.00181077
13.6875 0.00182433
13.6944 0.00183113
13.7014 0.00183113
13.7083 0.00183113
13.7153 0.00183792
13.7222 0.00183113
13.7292 0.00183114
13.7361 0.00183114
13.7431 0.00183114
13.75 0.00181759
13.7569 0.00181759
13.7639 0.00181759
13.7708 0.00181759
13.7778 0.00185146
13.7847 0.00184468
13.7917 0.00184468
13.7986 0.00184468
13.8056 0.00185826
13.8125 0.00179717
13.8194 0.00179717
13.8264 0.00179717
13.8333 0.00179716
13.8403 0.00177005
13.8472 0.00177005
13.8542 0.00177005
13.8611 0.00177688
13.8681 0.00175653
13.875 0.00175653
13.8819 0.00175653
13.8889 0.00175653
13.8958 0.00164125
13.9028 0.00166159
13.9097 0.00166159
13.9167 0.00166159
13.9236 0.00168193
13.9306 0.00166156
13.9375 0.00166156
13.9444 0.00166156
13.9514 0.00163442
13.9583 0.00169545
13.9653 0.00169545
13.9722 0.00169545
13.9792 0.00168189
13.9861 0.0016412
13.9931 0.0016412
14 0.0016412
14.0069 0.0016412
14.0139 0.00162764
14.0208 0.00158695
14.0278 0.00158695
14.0347 0.00158695
14.0417 0.00161407
14.0486 0.00162763
14.0556 0.00162763
14.0625 0.00162763
14.0694 0.00163442
14.0764 0.00163441
14.0833 0.00164119
14.0903 0.00164119
14.0972 0.00164119
14.1042 0.00172935
14.1111 0.00172935
14.1181 0.00172935
14.125 0.00172935
14.1319 0.00168866
14.1389 0.00142418
14.1458 0.00142418
14.1528 0.00141739
14.1597 0.00139708
14.1667 0.001431
14.1736 0.001431
14.1806 0.001431
14.1875 0.00144457
14.1944 0.001309
14.2014 0.001309
14.2083 0.001309
14.2153 0.00132256
14.2222 0.00130217
14.2292 0.001309
14.2361 0.001309
14.2431 0.001309
14.25 0.00132934
14.2569 0.00131578
14.2639 0.00131578
14.2708 0.00131578
14.2778 0.00132253
14.2847 0.00130219
14.2917 0.00130219
14.2986 0.00130219
14.3056 0.00126145
14.3125 0.00126823
14.3194 0.00126823
14.3264 0.00126823
14.3333 0.00126823
14.3403 0.00126823
14.3472 0.00126144
14.3542 0.00126144
14.3611 0.00126144
14.3681 0.00128857
14.375 0.00128179
14.3819 0.00128179
14.3889 0.00128179
14.3958 0.00122076
14.4028 0.00120042
14.4097 0.00120042
14.4167 0.00120042
14.4236 0.00118686
14.4306 0.00119366
14.4375 0.00119366
14.4444 0.00119366
14.4514 0.00119366
14.4583 0.00114619
14.4653 0.00113262
14.4722 0.00113262
14.4792 0.00113262
14.4861 0.00111903
14.4931 0.00115294
14.5 0.00115294
14.5069 0.00114616
14.5139 0.00105122
14.5208 0.00107157
14.5278 0.00107157
14.5347 0.00107157
14.5417 0.00107157
14.5486 0.00106479
14.5556 0.00106479
14.5625 0.00106479
14.5694 0.00106479
14.5764 0.00112581
14.5833 0.00112581
14.5903 0.00112581
14.5972 0.00112581
14.6042 0.00112581
14.6111 0.00108512
14.6181 0.00108512
14.625 0.00108512
14.6319 0.00107156
14.6389 0.00107834
14.6458 0.00107834
14.6528 0.00107834
14.6597 0.00108512
14.6667 0.00106477
14.6736 0.00106477
14.6806 0.00106477
14.6875 0.00101053
14.6944 0.00103087
14.7014 0.00103766
14.7083 0.00103766
14.7153 0.00103766
14.7222 0.00103767
14.7292 0.00101052
14.7361 0.00101052
14.7431 0.00101052
14.75 0.000996952
14.7569 0.0011394
14.7639 0.0011394
14.7708 0.0011394
14.7778 0.00111905
14.7847 0.00111228
14.7917 0.0011055
14.7986 0.0011055
14.8056 0.00111228
14.8125 0.00113263
14.8194 0.00112584
14.8264 0.00112584
14.8333 0.00112584
14.8403 0.00107154
14.8472 0.00109867
14.8542 0.00109867
14.8611 0.00111223
14.8681 0.0010648
14.875 0.00107154
14.8819 0.00107154
14.8889 0.00107154
14.8958 0.00107154
14.9028 0.00106478
14.9097 0.00107156
14.9167 0.00107156
14.9236 0.00107156
14.9306 0.00107833
14.9375 0.00105799
14.9444 0.00105799
14.9514 0.00105799
14.9583 0.00105799
14.9653 0.00107833
14.9722 0.00107833
14.9792 0.00107833
14.9861 0.00107155
14.9931 0.00106478
15 0.00106478
15.0069 0.00106478
15.0139 0.00100378
15.0208 0.00116654
15.0278 0.00116654
15.0347 0.00116654
15.0417 0.00115976
15.0486 0.00111909
15.0556 0.00111909
15.0625 0.00111909
15.0694 0.00112587
15.0764 0.00110553
15.0833 0.00109196
15.0903 0.00109196
15.0972 0.00109196
15.1042 0.00109875
15.1111 0.00110553
15.1181 0.00110553
15.125 0.00110553
15.1319 0.00109195
15.1389 0.00109875
15.1458 0.00109875
15.1528 0.00109875
15.1597 0.00109197
15.1667 0.00109874
15.1736 0.00109874
15.1806 0.00109874
15.1875 0.0010784
15.1944 0.00113938
15.2014 0.00109869
15.2083 0.00109869
15.2153 0.00109191
15.2222 0.00109196
15.2292 0.00111903
15.2361 0.00111903
15.2431 0.00111903
15.25 0.00110547
15.2569 0.00113259
15.2639 0.00112581
15.2708 0.00112581
15.2778 0.00112581
15.2847 0.00112576
15.2917 0.00113937
15.2986 0.00113937
15.3056 0.00113937
15.3125 0.00115969
15.3194 0.00115291
15.3264 0.00115291
15.3333 0.00115291
15.3403 0.00115974
15.3472 0.00115298
15.3542 0.00115298
15.3611 0.00115298
15.3681 0.00120043
15.375 0.00115296
15.3819 0.00115296
15.3889 0.00115296
15.3958 0.00115295
15.4028 0.00118684
15.4097 0.00118684
15.4167 0.00118684
15.4236 0.00118684
15.4306 0.00113259
15.4375 0.00113259
15.4444 0.00113259
15.4514 0.00113259
15.4583 0.00113256
15.4653 0.00112578
15.4722 0.00112578
15.4792 0.00112578
15.4861 0.00115965
15.4931 0.00113257
15.5 0.00113257
15.5069 0.00113257
15.5139 0.00111222
15.5208 0.00109187
15.5278 0.00109865
15.5347 0.00109865
15.5417 0.00108509
15.5486 0.00105121
15.5556 0.00105796
15.5625 0.00105796
15.5694 0.00105796
15.5764 0.00105118
15.5833 0.0010647
15.5903 0.0010647
15.5972 0.0010647
15.6042 0.00102401
15.6111 0.00106468
15.6181 0.00105793
15.625 0.00105793
15.6319 0.00105793
15.6389 0.0010783
15.6458 0.0010783
15.6528 0.0010783
15.6597 0.00107151
15.6667 0.00105796
15.6736 0.00107151
15.6806 0.00107151
15.6875 0.00107151
15.6944 0.00107829
15.7014 0.00108507
15.7083 0.00108507
15.7153 0.00108507
15.7222 0.00109185
15.7292 0.00109186
15.7361 0.00109186
15.7431 0.00109186
15.75 0.00105799
15.7569 0.00105114
15.7639 0.00105116
15.7708 0.00105116
15.7778 0.00105116
15.7847 0.00102404
15.7917 0.00103082
15.7986 0.00103082
15.8056 0.00103082
15.8125 0.00120036
15.8194 0.00121396
15.8264 0.00121396
15.8333 0.00121396
15.8403 0.00126144
15.8472 0.00115292
15.8542 0.00115292
15.8611 0.00115292
15.8681 0.00115292
15.875 0.00122075
15.8819 0.00116651
15.8889 0.00116651
15.8958 0.00125468
15.9028 0.00120043
15.9097 0.00120043
15.9167 0.00120043
15.9236 0.00120043
15.9306 0.00121399
15.9375 0.00120721
15.9444 0.00120721
15.9514 0.00120721
15.9583 0.00122755
15.9653 0.00120721
15.9722 0.00120721
15.9792 0.00120721
15.9861 0.00121399
15.9931 0.00084101
16 0.000868135
16.0069 0.000868135
16.0139 0.000895244
16.0208 0.000854563
16.0278 0.000841011
16.0347 0.000841011
16.0417 0.000841011
16.0486 0.000807078
16.0556 0.000820644
16.0625 0.000820644
16.0694 0.000820644
16.0764 0.00103087
16.0833 0.00104444
16.0903 0.00104444
16.0972 0.00104444
16.1042 0.00104444
16.1111 0.00103089
16.1181 0.00159377
16.125 0.00159377
16.1319 0.00159377
16.1389 0.00158022
16.1458 0.00157343
16.1528 0.00157343
16.1597 0.00157343
16.1667 0.0015463
16.1736 0.00151918
16.1806 0.00151918
16.1875 0.00151918
16.1944 0.00151918
16.2014 0.00147851
16.2083 0.00148528
16.2153 0.00148528
16.2222 0.00148528
16.2292 0.0014785
16.2361 0.0014785
16.2431 0.0014785
16.25 0.0014785
16.2569 0.00148528
16.2639 0.00148528
16.2708 0.00148528
16.2778 0.00148528
16.2847 0.0014785
16.2917 0.00147849
16.2986 0.00147849
16.3056 0.00147849
16.3125 0.00147849
16.3194 0.00150561
16.3264 0.00150561
16.3333 0.00150561
16.3403 0.00151239
16.3472 0.00147168
16.3542 0.0014988
16.3611 0.0014988
16.3681 0.0014988
16.375 0.000725688
16.3819 0.00150558
16.3889 0.00150558
16.3958 0.00150558
16.4028 0.00146491
16.4097 0.00149206
16.4167 0.00149206
16.4236 0.00149206
16.4306 0.00149883
16.4375 0.00145816
16.4444 0.00145138
16.4514 0.00145138
16.4583 0.00145138
16.4653 0.0014446
16.4722 0.00143782
16.4792 0.00143782
16.4861 0.00143104
16.4931 0.00136999
16.5 0.00139711
16.5069 0.00139711
16.5139 0.00139711
16.5208 0.00143096
16.5278 0.00141745
16.5347 0.00141745
16.5417 0.00141745
16.5486 0.00142423
16.5556 0.00143101
16.5625 0.00141745
16.5694 0.00141745
16.5764 0.00141745
16.5833 0.00141745
16.5903 0.00141745
16.5972 0.00141745
16.6042 0.00141745
16.6111 0.0013836
16.6181 0.00139039
16.625 0.00139039
16.6319 0.00139039
16.6389 0.00137004
16.6458 0.00137004
16.6528 0.00137004
16.6597 0.00137004
16.6667 0.00134291
16.6736 0.00135645
16.6806 0.00135645
16.6875 0.00135645
16.6944 0.00137674
16.7014 0.000976682
16.7083 0.000983403
16.7153 0.000983403
16.7222 0.00204135
16.7292 0.00178369
16.7361 0.0018244
16.7431 0.0018244
16.75 0.0018244
16.7569 0.00183112
16.7639 0.00246866
16.7708 0.00246866
16.7778 0.00246866
16.7847 0.000678236
16.7917 0.000976566
16.7986 0.000969817
16.8056 0.000969817
16.8125 0.000963035
16.8194 0.000949471
16.8264 0.000949471
16.8333 0.000949471
16.8403 0.000949471
16.8472 0.000956251
16.8542 0.000949471
16.8611 0.000949471
16.8681 0.000949471
16.875 0.000990077
16.8819 0.00090869
16.8889 0.00090869
16.8958 0.00090869
16.9028 0.000949409
16.9097 0.000963021
16.9167 0.000956239
16.9236 0.000956239
16.9306 0.000935845
16.9375 0.000935927
16.9444 0.000935957
16.9514 0.000935957
16.9583 0.000942738
16.9653 0.000840994
16.9722 0.000868118
16.9792 0.000868118
16.9861 0.000868118
16.9931 0.000427347
17 0.000434128
