--stream stream-rmse-greedy-miranda-viscosity.txt
--subsampling-factor 4
--dataset C:\Users\pavol\OneDrive\resolution-precision-test-data\miranda-viscosity-384x384-float64.json
--quantity rmse
--transform cdf53
--nlevels 3
--bits-quantize 16
--group-size 16 16 1

Bytes Errors 2448
0.00694444 12.9307
0.0138889 13.3931
0.0208333 13.8102
0.0277778 15.091
0.0347222 15.6395
0.0416667 16.5252
0.0486111 18.324
0.0555556 19.7112
0.0625 21.3829
0.0694444 22.1882
0.0763889 23.1286
0.0833333 23.3955
0.0902778 23.6088
0.0972222 23.697
0.104167 23.7806
0.111111 24.0829
0.118056 24.1284
0.125 24.221
0.131944 24.6612
0.138889 24.6906
0.145833 24.9071
0.152778 25.0804
0.159722 25.5258
0.166667 25.9401
0.173611 26.0332
0.180556 26.1811
0.1875 26.2845
0.194444 26.3845
0.201389 26.5893
0.208333 26.6469
0.215278 27.0503
0.222222 27.2119
0.229167 27.7749
0.236111 28.2272
0.243056 28.7436
0.25 29.269
0.256944 29.624
0.263889 29.9487
0.270833 30.299
0.277778 30.6179
0.284722 31.0114
0.291667 31.3899
0.298611 31.5784
0.305556 31.6191
0.3125 31.8138
0.319444 31.8739
0.326389 31.9204
0.333333 31.9604
0.340278 31.9858
0.347222 32.0854
0.354167 32.2213
0.361111 32.3419
0.368056 32.397
0.375 32.426
0.381944 32.5827
0.388889 32.6349
0.395833 32.8134
0.402778 32.8088
0.409722 32.8871
0.416667 33.101
0.423611 33.1443
0.430556 33.1909
0.4375 33.3444
0.444444 33.3956
0.451389 33.5039
0.458333 33.5148
0.465278 33.5652
0.472222 33.667
0.479167 33.6954
0.486111 33.8401
0.493056 33.8794
0.5 34.0928
0.506944 34.1442
0.513889 34.2324
0.520833 34.2397
0.527778 34.3042
0.534722 34.4742
0.541667 34.6707
0.548611 34.8063
0.555556 34.8386
0.5625 34.9109
0.569444 34.9221
0.576389 34.9593
0.583333 34.9593
0.590278 34.9914
0.597222 35.0468
0.604167 35.1503
0.611111 35.1517
0.618056 35.253
0.625 35.2588
0.631944 35.3283
0.638889 35.3443
0.645833 35.3607
0.652778 35.4006
0.659722 35.5101
0.666667 35.5152
0.673611 35.6131
0.680556 35.6131
0.6875 35.6406
0.694444 35.6578
0.701389 35.6774
0.708333 35.6916
0.715278 35.6916
0.722222 35.7447
0.729167 35.8082
0.736111 35.8433
0.743056 35.9105
0.75 35.9105
0.756944 35.9813
0.763889 35.9885
0.770833 36.0165
0.777778 36.0233
0.784722 36.062
0.791667 36.0866
0.798611 36.159
0.805556 36.159
0.8125 36.1748
0.819444 36.2075
0.826389 36.2095
0.833333 36.2591
0.840278 36.3557
0.847222 36.4717
0.854167 36.5532
0.861111 36.6303
0.868056 36.6749
0.875 36.6749
0.881944 36.6781
0.888889 36.7019
0.895833 36.7363
0.902778 36.7363
0.909722 36.7702
0.916667 36.7921
0.923611 36.7982
0.930556 36.9036
0.9375 36.9262
0.944444 36.9727
0.951389 36.9727
0.958333 37.0075
0.965278 37.0288
0.972222 37.0497
0.979167 37.0537
0.986111 37.072
0.993056 37.1079
1 37.125
1.00694 37.1275
1.01389 37.1985
1.02083 37.2043
1.02778 37.2992
1.03472 37.3972
1.04167 37.51
1.04861 37.51
1.05556 37.5947
1.0625 37.7247
1.06944 37.8603
1.07639 37.9958
1.08333 38.0994
1.09028 38.0994
1.09722 38.1177
1.10417 38.158
1.11111 38.2945
1.11806 38.4314
1.125 38.5725
1.13194 38.701
1.13889 38.7749
1.14583 38.8123
1.15278 38.8123
1.15972 38.9074
1.16667 39.0602
1.17361 39.1435
1.18056 39.1622
1.1875 39.3069
1.19444 39.4244
1.20139 39.4281
1.20833 39.5842
1.21528 39.6225
1.22222 39.6474
1.22917 39.8117
1.23611 39.8117
1.24306 39.9557
1.25 40.0568
1.25694 40.0533
1.26389 40.1724
1.27083 40.1724
1.27778 40.2822
1.28472 40.4179
1.29167 40.5251
1.29861 40.5204
1.30556 40.6505
1.3125 40.8003
1.31944 40.8371
1.32639 40.8758
1.33333 41.0233
1.34028 41.1557
1.34722 41.1557
1.35417 41.1692
1.36111 41.1814
1.36806 41.2676
1.375 41.2676
1.38194 41.3565
1.38889 41.3818
1.39583 41.4245
1.40278 41.5164
1.40972 41.5164
1.41667 41.5863
1.42361 41.6794
1.43056 41.7755
1.4375 41.8806
1.44444 41.9216
1.45139 41.9532
1.45833 42.0481
1.46528 42.1438
1.47222 42.2389
1.47917 42.3432
1.48611 42.4397
1.49306 42.5428
1.5 42.6496
1.50694 42.7555
1.51389 42.8666
1.52083 42.9717
1.52778 43.0793
1.53472 43.1908
1.54167 43.3013
1.54861 43.4029
1.55556 43.5245
1.5625 43.5245
1.56944 43.6156
1.57639 43.7388
1.58333 43.8619
1.59028 43.9514
1.59722 43.9615
1.60417 44.0429
1.61111 44.0429
1.61806 44.1611
1.625 44.1611
1.63194 44.221
1.63889 44.2491
1.64583 44.2845
1.65278 44.3868
1.65972 44.4136
1.66667 44.4616
1.67361 44.4616
1.68056 44.4703
1.6875 44.4861
1.69444 44.4855
1.70139 44.5178
1.70833 44.5178
1.71528 44.5328
1.72222 44.5434
1.72917 44.5434
1.73611 44.548
1.74306 44.5373
1.75 44.5459
1.75694 44.5574
1.76389 44.5574
1.77083 44.5661
1.77778 44.5815
1.78472 44.5815
1.79167 44.5956
1.79861 44.6035
1.80556 44.6195
1.8125 44.6272
1.81944 44.6272
1.82639 44.6387
1.83333 44.6329
1.84028 44.6463
1.84722 44.6532
1.85417 44.6532
1.86111 44.6749
1.86806 44.6749
1.875 44.6924
1.88194 44.7084
1.88889 44.7084
1.89583 44.7163
1.90278 44.7106
1.90972 44.7263
1.91667 44.732
1.92361 44.7418
1.93056 44.7412
1.9375 44.7594
1.94444 44.766
1.95139 44.7882
1.95833 44.7851
1.96528 44.7918
1.97222 44.7949
1.97917 44.8102
1.98611 44.8127
1.99306 44.8085
2 44.8331
2.00694 44.8322
2.01389 44.8687
2.02083 44.8687
2.02778 44.9062
2.03472 44.9062
2.04167 44.9088
2.04861 44.9085
2.05556 44.9094
2.0625 44.9258
2.06944 44.9391
2.07639 44.9413
2.08333 44.9548
2.09028 44.9605
2.09722 44.9768
2.10417 44.9768
2.11111 44.9768
2.11806 44.994
2.125 44.994
2.13194 44.9981
2.13889 44.9981
2.14583 45.0148
2.15278 45.0175
2.15972 45.0536
2.16667 45.0536
2.17361 45.056
2.18056 45.0535
2.1875 45.0867
2.19444 45.0863
2.20139 45.1446
2.20833 45.1963
2.21528 45.2386
2.22222 45.269
2.22917 45.2764
2.23611 45.3024
2.24306 45.3024
2.25 45.3403
2.25694 45.3854
2.26389 45.3854
2.27083 45.4117
2.27778 45.4117
2.28472 45.4294
2.29167 45.4879
2.29861 45.5346
2.30556 45.5486
2.3125 45.5497
2.31944 45.6078
2.32639 45.6303
2.33333 45.6303
2.34028 45.6387
2.34722 45.6995
2.35417 45.729
2.36111 45.7287
2.36806 45.7592
2.375 45.7592
2.38194 45.8009
2.38889 45.8009
2.39583 45.8014
2.40278 45.7958
2.40972 45.8153
2.41667 45.8153
2.42361 45.8562
2.43056 45.8982
2.4375 45.9546
2.44444 45.98
2.45139 45.9737
2.45833 46.0278
2.46528 46.0688
2.47222 46.0688
2.47917 46.0908
2.48611 46.1149
2.49306 46.1234
2.5 46.1805
2.50694 46.2303
2.51389 46.2303
2.52083 46.2408
2.52778 46.3039
2.53472 46.3628
2.54167 46.4111
2.54861 46.4111
2.55556 46.4449
2.5625 46.4613
2.56944 46.4564
2.57639 46.4668
2.58333 46.4683
2.59028 46.4831
2.59722 46.4799
2.60417 46.4894
2.61111 46.4955
2.61806 46.4955
2.625 46.532
2.63194 46.532
2.63889 46.5544
2.64583 46.5544
2.65278 46.5679
2.65972 46.5679
2.66667 46.5697
2.67361 46.5697
2.68056 46.6068
2.6875 46.6643
2.69444 46.6643
2.70139 46.6864
2.70833 46.6864
2.71528 46.7036
2.72222 46.7323
2.72917 46.7323
2.73611 46.7445
2.74306 46.7445
2.75 46.7488
2.75694 46.7488
2.76389 46.7476
2.77083 46.7553
2.77778 46.8131
2.78472 46.8699
2.79167 46.8998
2.79861 46.8998
2.80556 46.9219
2.8125 46.9219
2.81944 46.929
2.82639 46.929
2.83333 46.9398
2.84028 46.9367
2.84722 46.9367
2.85417 46.9521
2.86111 46.9521
2.86806 46.9564
2.875 47.0208
2.88194 47.0349
2.88889 47.029
2.89583 47.09
2.90278 47.09
2.90972 47.0921
2.91667 47.0921
2.92361 47.1099
2.93056 47.1099
2.9375 47.1158
2.94444 47.1158
2.95139 47.1376
2.95833 47.1376
2.96528 47.1419
2.97222 47.1592
2.97917 47.2042
2.98611 47.2042
2.99306 47.2195
3 47.2195
3.00694 47.224
3.01389 47.224
3.02083 47.2333
3.02778 47.2333
3.03472 47.2499
3.04167 47.2499
3.04861 47.2567
3.05556 47.294
3.0625 47.294
3.06944 47.3158
3.07639 47.3158
3.08333 47.3333
3.09028 47.3534
3.09722 47.3519
3.10417 47.391
3.11111 47.391
3.11806 47.4057
3.125 47.4057
3.13194 47.4152
3.13889 47.4152
3.14583 47.4193
3.15278 47.4193
3.15972 47.4244
3.16667 47.4323
3.17361 47.4362
3.18056 47.446
3.1875 47.4408
3.19444 47.4504
3.20139 47.4529
3.20833 47.4868
3.21528 47.4868
3.22222 47.5033
3.22917 47.5033
3.23611 47.5185
3.24306 47.5185
3.25 47.5206
3.25694 47.5206
3.26389 47.54
3.27083 47.5344
3.27778 47.5389
3.28472 47.5357
3.29167 47.5517
3.29861 47.5517
3.30556 47.5534
3.3125 47.5514
3.31944 47.5552
3.32639 47.5492
3.33333 47.5906
3.34028 47.5906
3.34722 47.5956
3.35417 47.5956
3.36111 47.6135
3.36806 47.6302
3.375 47.6302
3.38194 47.6318
3.38889 47.6363
3.39583 47.6363
3.40278 47.6399
3.40972 47.6399
3.41667 47.6484
3.42361 47.6484
3.43056 47.6503
3.4375 47.6457
3.44444 47.6792
3.45139 47.693
3.45833 47.6921
3.46528 47.7182
3.47222 47.7182
3.47917 47.7335
3.48611 47.7444
3.49306 47.7444
3.5 47.7504
3.50694 47.7504
3.51389 47.7576
3.52083 47.7576
3.52778 47.7632
3.53472 47.7632
3.54167 47.7686
3.54861 47.7686
3.55556 47.7728
3.5625 47.8046
3.56944 47.8046
3.57639 47.808
3.58333 47.8272
3.59028 47.8272
3.59722 47.8295
3.60417 47.8265
3.61111 47.8596
3.61806 47.8795
3.625 47.8796
3.63194 47.8796
3.63889 47.8813
3.64583 47.8813
3.65278 47.8774
3.65972 47.8774
3.66667 47.8905
3.67361 47.8905
3.68056 47.895
3.6875 47.9001
3.69444 47.8976
3.70139 47.9302
3.70833 47.9302
3.71528 47.9381
3.72222 47.9381
3.72917 47.9454
3.73611 47.9531
3.74306 47.9533
3.75 47.9533
3.75694 47.9603
3.76389 47.9603
3.77083 47.9716
3.77778 47.9716
3.78472 47.98
3.79167 47.98
3.79861 47.9851
3.80556 48.0031
3.8125 48.0031
3.81944 48.0269
3.82639 48.0269
3.83333 48.0354
3.84028 48.0354
3.84722 48.0607
3.85417 48.0607
3.86111 48.0723
3.86806 48.0813
3.875 48.0858
3.88194 48.0858
3.88889 48.0926
3.89583 48.1062
3.90278 48.1022
3.90972 48.1324
3.91667 48.1324
3.92361 48.1408
3.93056 48.1408
3.9375 48.1411
3.94444 48.1411
3.95139 48.167
3.95833 48.167
3.96528 48.1726
3.97222 48.1726
3.97917 48.1742
3.98611 48.1742
3.99306 48.1895
4 48.1895
4.00694 48.1945
4.01389 48.2428
4.02083 48.2759
4.02778 48.2759
4.03472 48.2793
4.04167 48.2793
4.04861 48.3039
4.05556 48.3039
4.0625 48.3039
4.06944 48.3039
4.07639 48.3113
4.08333 48.3113
4.09028 48.3108
4.09722 48.3108
4.10417 48.3151
4.11111 48.3368
4.11806 48.3368
4.125 48.3397
4.13194 48.3397
4.13889 48.3422
4.14583 48.3422
4.15278 48.3585
4.15972 48.3585
4.16667 48.3716
4.17361 48.3716
4.18056 48.388
4.1875 48.3942
4.19444 48.39
4.20139 48.4081
4.20833 48.4081
4.21528 48.4243
4.22222 48.4243
4.22917 48.4294
4.23611 48.4294
4.24306 48.4481
4.25 48.4783
4.25694 48.5177
4.26389 48.5224
4.27083 48.5188
4.27778 48.5259
4.28472 48.522
4.29167 48.5255
4.29861 48.5245
4.30556 48.5727
4.3125 48.5727
4.31944 48.5782
4.32639 48.5782
4.33333 48.5777
4.34028 48.5777
4.34722 48.5832
4.35417 48.5832
4.36111 48.5852
4.36806 48.6094
4.375 48.6079
4.38194 48.6217
4.38889 48.6217
4.39583 48.6306
4.40278 48.6306
4.40972 48.6553
4.41667 48.6553
4.42361 48.6585
4.43056 48.7068
4.4375 48.7068
4.44444 48.709
4.45139 48.7297
4.45833 48.7297
4.46528 48.754
4.47222 48.8009
4.47917 48.8009
4.48611 48.8121
4.49306 48.8121
4.5 48.8118
4.50694 48.8528
4.51389 48.8528
4.52083 48.854
4.52778 48.854
4.53472 48.8532
4.54167 48.8532
4.54861 48.8789
4.55556 48.8789
4.5625 48.8827
4.56944 48.8827
4.57639 48.8954
4.58333 48.9383
4.59028 48.9497
4.59722 48.9456
4.60417 48.9811
4.61111 48.9912
4.61806 48.9912
4.625 49.0215
4.63194 49.0659
4.63889 49.0778
4.64583 49.0733
4.65278 49.082
4.65972 49.08
4.66667 49.1177
4.67361 49.1389
4.68056 49.1389
4.6875 49.1427
4.69444 49.1412
4.70139 49.1607
4.70833 49.1607
4.71528 49.1644
4.72222 49.1644
4.72917 49.182
4.73611 49.2052
4.74306 49.2052
4.75 49.2245
4.75694 49.2322
4.76389 49.2322
4.77083 49.2655
4.77778 49.2713
4.78472 49.2728
4.79167 49.2845
4.79861 49.2917
4.80556 49.3304
4.8125 49.3621
4.81944 49.3621
4.82639 49.3686
4.83333 49.3686
4.84028 49.3763
4.84722 49.3763
4.85417 49.3919
4.86111 49.4028
4.86806 49.4031
4.875 49.4373
4.88194 49.4676
4.88889 49.4676
4.89583 49.465
4.90278 49.4872
4.90972 49.4872
4.91667 49.5124
4.92361 49.5227
4.93056 49.5235
4.9375 49.5235
4.94444 49.5325
4.95139 49.5727
4.95833 49.5924
4.96528 49.5924
4.97222 49.6089
4.97917 49.6089
4.98611 49.6335
4.99306 49.6544
5 49.6544
5.00694 49.6672
5.01389 49.6672
5.02083 49.6766
5.02778 49.6766
5.03472 49.679
5.04167 49.679
5.04861 49.6978
5.05556 49.6978
5.0625 49.707
5.06944 49.707
5.07639 49.7085
5.08333 49.712
5.09028 49.7078
5.09722 49.7409
5.10417 49.7522
5.11111 49.7512
5.11806 49.7712
5.125 49.7712
5.13194 49.7778
5.13889 49.8205
5.14583 49.863
5.15278 49.8786
5.15972 49.8786
5.16667 49.9006
5.17361 49.9006
5.18056 49.9036
5.1875 49.937
5.19444 49.937
5.20139 49.9335
5.20833 49.9335
5.21528 49.936
5.22222 49.936
5.22917 49.9481
5.23611 49.9905
5.24306 49.9905
5.25 50.0012
5.25694 50.0461
5.26389 50.0461
5.27083 50.044
5.27778 50.0542
5.28472 50.0522
5.29167 50.0857
5.29861 50.0967
5.30556 50.0967
5.3125 50.1266
5.31944 50.1703
5.32639 50.1703
5.33333 50.1676
5.34028 50.2013
5.34722 50.2013
5.35417 50.2005
5.36111 50.2005
5.36806 50.2096
5.375 50.2563
5.38194 50.2724
5.38889 50.2724
5.39583 50.2764
5.40278 50.2764
5.40972 50.2864
5.41667 50.2864
5.42361 50.2949
5.43056 50.3395
5.4375 50.3395
5.44444 50.336
5.45139 50.3777
5.45833 50.3777
5.46528 50.3768
5.47222 50.4189
5.47917 50.4189
5.48611 50.4216
5.49306 50.4603
5.5 50.5029
5.50694 50.5029
5.51389 50.5055
5.52083 50.5407
5.52778 50.5407
5.53472 50.5545
5.54167 50.5884
5.54861 50.6005
5.55556 50.5966
5.5625 50.6356
5.56944 50.6579
5.57639 50.6579
5.58333 50.6928
5.59028 50.6928
5.59722 50.69
5.60417 50.7353
5.61111 50.7857
5.61806 50.8183
5.625 50.8183
5.63194 50.8329
5.63889 50.882
5.64583 50.882
5.65278 50.8917
5.65972 50.9147
5.66667 50.9147
5.67361 50.9384
5.68056 50.9825
5.6875 51.0034
5.69444 51.0034
5.70139 51.0251
5.70833 51.0469
5.71528 51.0469
5.72222 51.0682
5.72917 51.0682
5.73611 51.0631
5.74306 51.0882
5.75 51.0882
5.75694 51.1082
5.76389 51.1179
5.77083 51.1179
5.77778 51.1487
5.78472 51.199
5.79167 51.2117
5.79861 51.2091
5.80556 51.2119
5.8125 51.211
5.81944 51.249
5.82639 51.2962
5.83333 51.2962
5.84028 51.2946
5.84722 51.3447
5.85417 51.3966
5.86111 51.4073
5.86806 51.4041
5.875 51.4318
5.88194 51.4318
5.88889 51.4386
5.89583 51.4862
5.90278 51.5282
5.90972 51.5433
5.91667 51.541
5.92361 51.5701
5.93056 51.5701
5.9375 51.5769
5.94444 51.5996
5.95139 51.5996
5.95833 51.6051
5.96528 51.6051
5.97222 51.6292
5.97917 51.678
5.98611 51.6922
5.99306 51.6922
6 51.7251
6.00694 51.7643
6.01389 51.7643
6.02083 51.7718
6.02778 51.7718
6.03472 51.7864
6.04167 51.8407
6.04861 51.8916
6.05556 51.8999
6.0625 51.8977
6.06944 51.9435
6.07639 51.9523
6.08333 51.9523
6.09028 51.9719
6.09722 51.9719
6.10417 52.0114
6.11111 52.0114
6.11806 52.0116
6.125 52.0581
6.13194 52.0837
6.13889 52.0837
6.14583 52.1058
6.15278 52.1611
6.15972 52.1611
6.16667 52.1635
6.17361 52.1993
6.18056 52.1993
6.1875 52.2108
6.19444 52.2243
6.20139 52.2243
6.20833 52.2554
6.21528 52.307
6.22222 52.307
6.22917 52.3041
6.23611 52.3576
6.24306 52.3699
6.25 52.3714
6.25694 52.4195
6.26389 52.4403
6.27083 52.4403
6.27778 52.4499
6.28472 52.4499
6.29167 52.4742
6.29861 52.485
6.30556 52.4823
6.3125 52.488
6.31944 52.488
6.32639 52.5211
6.33333 52.5685
6.34028 52.6038
6.34722 52.6258
6.35417 52.6258
6.36111 52.6621
6.36806 52.7102
6.375 52.7507
6.38194 52.7507
6.38889 52.752
6.39583 52.766
6.40278 52.766
6.40972 52.7751
6.41667 52.7751
6.42361 52.7965
6.43056 52.8332
6.4375 52.8332
6.44444 52.8429
6.45139 52.8661
6.45833 52.8661
6.46528 52.8934
6.47222 52.8934
6.47917 52.896
6.48611 52.896
6.49306 52.9112
6.5 52.9112
6.50694 52.9161
6.51389 52.9161
6.52083 52.927
6.52778 52.9605
6.53472 52.9605
6.54167 52.9687
6.54861 52.9687
6.55556 52.975
6.5625 52.9854
6.56944 52.9831
6.57639 52.9938
6.58333 52.9938
6.59028 53.016
6.59722 53.016
6.60417 53.0227
6.61111 53.0227
6.61806 53.0243
6.625 53.0646
6.63194 53.0767
6.63889 53.0762
6.64583 53.1022
6.65278 53.1393
6.65972 53.1698
6.66667 53.1698
6.67361 53.1739
6.68056 53.2118
6.6875 53.2359
6.69444 53.2436
6.70139 53.2426
6.70833 53.2621
6.71528 53.2621
6.72222 53.2768
6.72917 53.3127
6.73611 53.3127
6.74306 53.3129
6.75 53.3459
6.75694 53.3863
6.76389 53.4092
6.77083 53.4092
6.77778 53.436
6.78472 53.4764
6.79167 53.4935
6.79861 53.4935
6.80556 53.5079
6.8125 53.5079
6.81944 53.507
6.82639 53.5448
6.83333 53.588
6.84028 53.6193
6.84722 53.6193
6.85417 53.6216
6.86111 53.6597
6.86806 53.7051
6.875 53.7167
6.88194 53.7167
6.88889 53.7451
6.89583 53.7904
6.90278 53.7955
6.90972 53.7955
6.91667 53.8224
6.92361 53.8342
6.93056 53.8306
6.9375 53.8671
6.94444 53.8671
6.95139 53.8632
6.95833 53.9031
6.96528 53.9468
6.97222 53.992
6.97917 54.0379
6.98611 54.0818
6.99306 54.1266
7 54.1645
7.00694 54.2093
7.01389 54.2556
7.02083 54.2661
7.02778 54.2661
7.03472 54.3021
7.04167 54.3336
7.04861 54.3336
7.05556 54.337
7.0625 54.3828
7.06944 54.429
7.07639 54.4697
7.08333 54.5163
7.09028 54.5619
7.09722 54.608
7.10417 54.6553
7.11111 54.7001
7.11806 54.7468
7.125 54.7929
7.13194 54.8387
7.13889 54.8864
7.14583 54.9335
7.15278 54.9808
7.15972 55.0279
7.16667 55.071
7.17361 55.1187
7.18056 55.1664
7.1875 55.2155
7.19444 55.2654
7.20139 55.3147
7.20833 55.3634
7.21528 55.4131
7.22222 55.4646
7.22917 55.5121
7.23611 55.5638
7.24306 55.609
7.25 55.6578
7.25694 55.7034
7.26389 55.7553
7.27083 55.8033
7.27778 55.8532
7.28472 55.9038
7.29167 55.9542
7.29861 56.0052
7.30556 56.0529
7.3125 56.1003
7.31944 56.1487
7.32639 56.2002
7.33333 56.2397
7.34028 56.2397
7.34722 56.2399
7.35417 56.2884
7.36111 56.3371
7.36806 56.3861
7.375 56.4372
7.38194 56.4843
7.38889 56.5373
7.39583 56.5904
7.40278 56.6404
7.40972 56.6922
7.41667 56.7438
7.42361 56.7971
7.43056 56.8513
7.4375 56.9008
7.44444 56.9402
7.45139 56.9402
7.45833 56.9371
7.46528 56.9877
7.47222 57.0434
7.47917 57.0991
7.48611 57.1584
7.49306 57.2128
7.5 57.2678
7.50694 57.3254
7.51389 57.3803
7.52083 57.431
7.52778 57.49
7.53472 57.5468
7.54167 57.6039
7.54861 57.6596
7.55556 57.7126
7.5625 57.7408
7.56944 57.7408
7.57639 57.7587
7.58333 57.8139
7.59028 57.8721
7.59722 57.9289
7.60417 57.9887
7.61111 58.0498
7.61806 58.1126
7.625 58.1742
7.63194 58.2318
7.63889 58.2885
7.64583 58.346
7.65278 58.41
7.65972 58.4693
7.66667 58.5303
7.67361 58.5905
7.68056 58.6483
7.6875 58.7118
7.69444 58.7685
7.70139 58.8251
7.70833 58.8788
7.71528 58.9339
7.72222 58.9609
7.72917 58.9609
7.73611 58.9794
7.74306 59.0385
7.75 59.0881
7.75694 59.1283
7.76389 59.1722
7.77083 59.2153
7.77778 59.2587
7.78472 59.3021
7.79167 59.3454
7.79861 59.3883
7.80556 59.4318
7.8125 59.4757
7.81944 59.5192
7.82639 59.5636
7.83333 59.608
7.84028 59.6513
7.84722 59.6952
7.85417 59.7403
7.86111 59.7854
7.86806 59.8288
7.875 59.8741
7.88194 59.9195
7.88889 59.9655
7.89583 60.0122
7.90278 60.0582
7.90972 60.1048
7.91667 60.1507
7.92361 60.1966
7.93056 60.2445
7.9375 60.293
7.94444 60.3412
7.95139 60.3902
7.95833 60.4382
7.96528 60.487
7.97222 60.5355
7.97917 60.5852
7.98611 60.6345
7.99306 60.6853
8 60.7352
8.00694 60.7856
8.01389 60.8369
8.02083 60.8894
8.02778 60.9415
8.03472 60.9938
8.04167 61.0449
8.04861 61.0979
8.05556 61.1511
8.0625 61.2057
8.06944 61.2576
8.07639 61.3124
8.08333 61.3656
8.09028 61.4194
8.09722 61.4743
8.10417 61.53
8.11111 61.5868
8.11806 61.6433
8.125 61.6989
8.13194 61.7562
8.13889 61.8157
8.14583 61.8721
8.15278 61.9308
8.15972 61.9918
8.16667 62.0493
8.17361 62.1077
8.18056 62.1683
8.1875 62.2278
8.19444 62.2876
8.20139 62.3493
8.20833 62.4072
8.21528 62.4674
8.22222 62.529
8.22917 62.5881
8.23611 62.649
8.24306 62.7042
8.25 62.7603
8.25694 62.821
8.26389 62.8789
8.27083 62.9355
8.27778 62.9931
8.28472 63.0523
8.29167 63.111
8.29861 63.1674
8.30556 63.2257
8.3125 63.2843
8.31944 63.3435
8.32639 63.4039
8.33333 63.4632
8.34028 63.5214
8.34722 63.5801
8.35417 63.6379
8.36111 63.6988
8.36806 63.761
8.375 63.8231
8.38194 63.8823
8.38889 63.943
8.39583 64.0021
8.40278 64.0618
8.40972 64.1236
8.41667 64.1845
8.42361 64.2491
8.43056 64.3107
8.4375 64.3743
8.44444 64.4422
8.45139 64.5052
8.45833 64.5686
8.46528 64.634
8.47222 64.6891
8.47917 64.7483
8.48611 64.8045
8.49306 64.8648
8.5 64.913
8.50694 64.9553
8.51389 64.9956
8.52083 65.0357
8.52778 65.076
8.53472 65.1152
8.54167 65.1551
8.54861 65.196
8.55556 65.2367
8.5625 65.2774
8.56944 65.3181
8.57639 65.3588
8.58333 65.3988
8.59028 65.4402
8.59722 65.4815
8.60417 65.5233
8.61111 65.565
8.61806 65.6076
8.625 65.6494
8.63194 65.6906
8.63889 65.7322
8.64583 65.7747
8.65278 65.8179
8.65972 65.8597
8.66667 65.9034
8.67361 65.9458
8.68056 65.989
8.6875 66.0337
8.69444 66.0771
8.70139 66.1215
8.70833 66.1664
8.71528 66.2116
8.72222 66.2575
8.72917 66.3039
8.73611 66.3501
8.74306 66.3969
8.75 66.4422
8.75694 66.4885
8.76389 66.5351
8.77083 66.583
8.77778 66.6321
8.78472 66.6804
8.79167 66.7291
8.79861 66.7758
8.80556 66.8258
8.8125 66.876
8.81944 66.9263
8.82639 66.9753
8.83333 67.0274
8.84028 67.0769
8.84722 67.1273
8.85417 67.1792
8.86111 67.2319
8.86806 67.2858
8.875 67.3389
8.88194 67.3917
8.88889 67.4456
8.89583 67.4997
8.90278 67.5542
8.90972 67.5827
8.91667 67.5827
8.92361 67.6032
8.93056 67.6585
8.9375 67.7144
8.94444 67.7709
8.95139 67.8278
8.95833 67.885
8.96528 67.9431
8.97222 67.9995
8.97917 68.0562
8.98611 68.1109
8.99306 68.1703
9 68.2258
9.00694 68.2839
9.01389 68.3422
9.02083 68.4026
9.02778 68.4648
9.03472 68.5196
9.04167 68.5767
9.04861 68.6317
9.05556 68.6901
9.0625 68.7457
9.06944 68.8026
9.07639 68.8594
9.08333 68.9128
9.09028 68.9706
9.09722 69.0279
9.10417 69.0279
9.11111 69.0279
9.11806 69.0568
9.125 69.114
9.13194 69.1718
9.13889 69.2291
9.14583 69.284
9.15278 69.3415
9.15972 69.3988
9.16667 69.4583
9.17361 69.5174
9.18056 69.5748
9.1875 69.6331
9.19444 69.6901
9.20139 69.7516
9.20833 69.813
9.21528 69.8724
9.22222 69.8724
9.22917 69.8724
9.23611 69.8919
9.24306 69.9529
9.25 70.0086
9.25694 70.0643
9.26389 70.1214
9.27083 70.1786
9.27778 70.2334
9.28472 70.2872
9.29167 70.3426
9.29861 70.3426
9.30556 70.3426
9.3125 70.3747
9.31944 70.3998
9.32639 70.3998
9.33333 70.3998
9.34028 70.4241
9.34722 70.444
9.35417 70.444
9.36111 70.4494
9.36806 70.4494
9.375 70.4494
9.38194 70.4503
9.38889 70.4503
9.39583 70.4503
9.40278 70.4627
9.40972 70.4627
9.41667 70.4627
9.42361 70.4858
9.43056 70.5256
9.4375 70.5256
9.44444 70.5256
9.45139 70.5506
9.45833 70.5879
9.46528 70.5879
9.47222 70.5879
9.47917 70.5971
9.48611 70.6344
9.49306 70.6724
9.5 70.709
9.50694 70.7468
9.51389 70.7847
9.52083 70.8226
9.52778 70.8322
9.53472 70.8322
9.54167 70.8429
9.54861 70.8813
9.55556 70.9198
9.5625 70.9588
9.56944 70.9986
9.57639 71.0381
9.58333 71.0768
9.59028 71.1151
9.59722 71.1151
9.60417 71.1151
9.61111 71.1372
9.61806 71.177
9.625 71.2154
9.63194 71.255
9.63889 71.2859
9.64583 71.2859
9.65278 71.2826
9.65972 71.3186
9.66667 71.3596
9.67361 71.4007
9.68056 71.4118
9.6875 71.4118
9.69444 71.4179
9.70139 71.4597
9.70833 71.5008
9.71528 71.5422
9.72222 71.5844
9.72917 71.6257
9.73611 71.6677
9.74306 71.71
9.75 71.7533
9.75694 71.7984
9.76389 71.8419
9.77083 71.884
9.77778 71.928
9.78472 71.9716
9.79167 72.0154
9.79861 72.0601
9.80556 72.1049
9.8125 72.1507
9.81944 72.1955
9.82639 72.2435
9.83333 72.2865
9.84028 72.3339
9.84722 72.369
9.85417 72.369
9.86111 72.3723
9.86806 72.4185
9.875 72.468
9.88194 72.515
9.88889 72.5645
9.89583 72.5645
9.90278 72.5645
9.90972 72.568
9.91667 72.568
9.92361 72.5625
9.93056 72.6035
9.9375 72.6524
9.94444 72.7026
9.95139 72.7522
9.95833 72.803
9.96528 72.8542
9.97222 72.9054
9.97917 72.9575
9.98611 72.9958
9.99306 72.9958
10 72.9881
10.0069 73.0372
10.0139 73.0372
10.0208 73.0372
10.0278 73.0507
10.0347 73.1048
10.0417 73.1587
10.0486 73.2088
10.0556 73.2588
10.0625 73.3118
10.0694 73.3647
10.0764 73.4187
10.0833 73.4711
10.0903 73.5273
10.0972 73.5812
10.1042 73.6262
10.1111 73.6262
10.1181 73.6262
10.125 73.6443
10.1319 73.6584
10.1389 73.6584
10.1458 73.6734
10.1528 73.7261
10.1597 73.7392
10.1667 73.7392
10.1736 73.7349
10.1806 73.7836
10.1875 73.7836
10.1944 73.7836
10.2014 73.7987
10.2083 73.7987
10.2153 73.7965
10.2222 73.834
10.2292 73.8473
10.2361 73.8473
10.2431 73.8504
10.25 73.8629
10.2569 73.8629
10.2639 73.8797
10.2708 73.8841
10.2778 73.8841
10.2847 73.8872
10.2917 73.9243
10.2986 73.9436
10.3056 73.9436
10.3125 73.9411
10.3194 73.9822
10.3264 74.0058
10.3333 74.0058
10.3403 74.0002
10.3472 74.0411
10.3542 74.0648
10.3611 74.0648
10.3681 74.0584
10.375 74.0942
10.3819 74.1344
10.3889 74.1695
10.3958 74.1695
10.4028 74.1695
10.4097 74.1922
10.4167 74.2004
10.4236 74.2004
10.4306 74.2028
10.4375 74.2508
10.4444 74.2992
10.4514 74.3424
10.4583 74.3424
10.4653 74.3424
10.4722 74.3554
10.4792 74.3554
10.4861 74.3554
10.4931 74.3656
10.5 74.3656
10.5069 74.3656
10.5139 74.3793
10.5208 74.4265
10.5278 74.4692
10.5347 74.516
10.5417 74.5613
10.5486 74.6075
10.5556 74.6511
10.5625 74.6953
10.5694 74.7335
10.5764 74.7737
10.5833 74.8159
10.5903 74.8617
10.5972 74.9092
10.6042 74.9568
10.6111 74.9568
10.6181 74.9568
10.625 74.9595
10.6319 75.0001
10.6389 75.048
10.6458 75.048
10.6528 75.048
10.6597 75.0493
10.6667 75.0906
10.6736 75.1212
10.6806 75.1646
10.6875 75.1868
10.6944 75.1868
10.7014 75.1868
10.7083 75.2169
10.7153 75.2629
10.7222 75.275
10.7292 75.275
10.7361 75.2749
10.7431 75.3207
10.75 75.3207
10.7569 75.3207
10.7639 75.3242
10.7708 75.3242
10.7778 75.3242
10.7847 75.331
10.7917 75.3453
10.7986 75.3453
10.8056 75.3432
10.8125 75.3846
10.8194 75.4205
10.8264 75.4663
10.8333 75.4779
10.8403 75.4779
10.8472 75.4792
10.8542 75.5125
10.8611 75.5247
10.8681 75.5247
10.875 75.5185
10.8819 75.5544
10.8889 75.5875
10.8958 75.6223
10.9028 75.6535
10.9097 75.6678
10.9167 75.6678
10.9236 75.668
10.9306 75.668
10.9375 75.668
10.9444 75.6693
10.9514 75.6747
10.9583 75.6747
10.9653 75.6702
10.9722 75.6751
10.9792 75.6751
10.9861 75.6703
10.9931 75.6766
11 75.6766
11.0069 75.6721
11.0139 75.6857
11.0208 75.6966
11.0278 75.6966
11.0347 75.6929
11.0417 75.6998
11.0486 75.6998
11.0556 75.6957
11.0625 75.7011
11.0694 75.7011
11.0764 75.7026
11.0833 75.7026
11.0903 75.7026
11.0972 75.707
11.1042 75.7266
11.1111 75.7266
11.1181 75.7266
11.125 75.7277
11.1319 75.7277
11.1389 75.7277
11.1458 75.7371
11.1528 75.7479
11.1597 75.7479
11.1667 75.7488
11.1736 75.7488
11.1806 75.7488
11.1875 75.7523
11.1944 75.7523
11.2014 75.7523
11.2083 75.7512
11.2153 75.7793
11.2222 75.7946
11.2292 75.7946
11.2361 75.7904
11.2431 75.8022
11.25 75.8022
11.2569 75.8022
11.2639 75.8057
11.2708 75.8057
11.2778 75.8057
11.2847 75.8212
11.2917 75.8212
11.2986 75.8212
11.3056 75.8235
11.3125 75.8372
11.3194 75.8372
11.3264 75.8372
11.3333 75.8401
11.3403 75.8495
11.3472 75.8495
11.3542 75.8495
11.3611 75.8672
11.3681 75.8672
11.375 75.8672
11.3819 75.8714
11.3889 75.8714
11.3958 75.8714
11.4028 75.8738
11.4097 75.8738
11.4167 75.8736
11.4236 75.8789
11.4306 75.8789
11.4375 75.8755
11.4444 75.8898
11.4514 75.8898
11.4583 75.8898
11.4653 75.9071
11.4722 75.9317
11.4792 75.9317
11.4861 75.9317
11.4931 75.9323
11.5 75.9323
11.5069 75.9323
11.5139 75.9382
11.5208 75.9665
11.5278 75.9851
11.5347 75.9851
11.5417 75.9851
11.5486 75.9972
11.5556 75.9972
11.5625 75.9972
11.5694 75.9945
11.5764 76.0097
11.5833 76.0097
11.5903 76.0097
11.5972 76.0258
11.6042 76.0567
11.6111 76.0844
11.6181 76.1091
11.625 76.1427
11.6319 76.1689
11.6389 76.2017
11.6458 76.2273
11.6528 76.2586
11.6597 76.2902
11.6667 76.3231
11.6736 76.3549
11.6806 76.3869
11.6875 76.4172
11.6944 76.4489
11.7014 76.4799
11.7083 76.513
11.7153 76.5209
11.7222 76.5209
11.7292 76.5208
11.7361 76.5523
11.7431 76.5608
11.75 76.5608
11.7569 76.5604
11.7639 76.589
11.7708 76.6205
11.7778 76.6506
11.7847 76.6843
11.7917 76.7152
11.7986 76.7485
11.8056 76.7822
11.8125 76.8058
11.8194 76.8058
11.8264 76.8058
11.8333 76.8304
11.8403 76.845
11.8472 76.845
11.8542 76.845
11.8611 76.8621
11.8681 76.8792
11.875 76.8792
11.8819 76.8792
11.8889 76.8957
11.8958 76.923
11.9028 76.9315
11.9097 76.9315
11.9167 76.9275
11.9236 76.9556
11.9306 76.9721
11.9375 76.9721
11.9444 76.975
11.9514 77.0006
11.9583 77.0006
11.9653 77.0006
11.9722 77.0109
11.9792 77.0448
11.9861 77.0808
11.9931 77.116
12 77.1247
12.0069 77.1247
12.0139 77.1256
12.0208 77.161
12.0278 77.1964
12.0347 77.2057
12.0417 77.2057
12.0486 77.2031
12.0556 77.2333
12.0625 77.2683
12.0694 77.3044
12.0764 77.3401
12.0833 77.3758
12.0903 77.4126
12.0972 77.4495
12.1042 77.4844
12.1111 77.512
12.1181 77.512
12.125 77.512
12.1319 77.5213
12.1389 77.5577
12.1458 77.5957
12.1528 77.6326
12.1597 77.671
12.1667 77.708
12.1736 77.7364
12.1806 77.7364
12.1875 77.7364
12.1944 77.7461
12.2014 77.7842
12.2083 77.7842
12.2153 77.7842
12.2222 77.7842
12.2292 77.8202
12.2361 77.8202
12.2431 77.8202
12.25 77.8205
12.2569 77.8589
12.2639 77.8949
12.2708 77.9344
12.2778 77.9738
12.2847 78.0126
12.2917 78.0514
12.2986 78.0923
12.3056 78.1302
12.3125 78.1696
12.3194 78.2104
12.3264 78.2207
12.3333 78.2207
12.3403 78.2249
12.3472 78.2653
12.3542 78.3065
12.3611 78.3458
12.3681 78.3881
12.375 78.4229
12.3819 78.4632
12.3889 78.4735
12.3958 78.4735
12.4028 78.4735
12.4097 78.4886
12.4167 78.4886
12.4236 78.4886
12.4306 78.4978
12.4375 78.5396
12.4444 78.582
12.4514 78.6228
12.4583 78.664
12.4653 78.7051
12.4722 78.7464
12.4792 78.789
12.4861 78.8289
12.4931 78.8681
12.5 78.9105
12.5069 78.9105
12.5139 78.9105
12.5208 78.9222
12.5278 78.9583
12.5347 78.996
12.5417 79.038
12.5486 79.0593
12.5556 79.0593
12.5625 79.0593
12.5694 79.0818
12.5764 79.1003
12.5833 79.1003
12.5903 79.1003
12.5972 79.1087
12.6042 79.1087
12.6111 79.1087
12.6181 79.1179
12.625 79.1275
12.6319 79.1275
12.6389 79.1251
12.6458 79.1272
12.6528 79.1272
12.6597 79.1234
12.6667 79.1243
12.6736 79.1243
12.6806 79.1193
12.6875 79.1398
12.6944 79.1398
12.7014 79.1398
12.7083 79.149
12.7153 79.1683
12.7222 79.1683
12.7292 79.1683
12.7361 79.1908
12.7431 79.1994
12.75 79.1994
12.7569 79.1972
12.7639 79.2277
12.7708 79.2569
12.7778 79.2569
12.7847 79.2569
12.7917 79.2599
12.7986 79.2704
12.8056 79.2704
12.8125 79.2681
12.8194 79.2943
12.8264 79.3311
12.8333 79.3713
12.8403 79.4126
12.8472 79.4412
12.8542 79.4412
12.8611 79.4412
12.8681 79.4463
12.875 79.4868
12.8819 79.528
12.8889 79.5682
12.8958 79.5901
12.9028 79.5901
12.9097 79.5901
12.9167 79.6065
12.9236 79.6495
12.9306 79.6841
12.9375 79.7209
12.9444 79.7581
12.9514 79.8001
12.9583 79.8413
12.9653 79.8834
12.9722 79.8834
12.9792 79.8834
12.9861 79.8879
12.9931 79.9093
13 79.9093
13.0069 79.9093
13.0139 79.9222
13.0208 79.9636
13.0278 80.0068
13.0347 80.0475
13.0417 80.0885
13.0486 80.1293
13.0556 80.1743
13.0625 80.2168
13.0694 80.2387
13.0764 80.2387
13.0833 80.2387
13.0903 80.2625
13.0972 80.3062
13.1042 80.3485
13.1111 80.3915
13.1181 80.4288
13.125 80.4408
13.1319 80.4408
13.1389 80.4408
13.1458 80.4542
13.1528 80.4542
13.1597 80.4542
13.1667 80.459
13.1736 80.5047
13.1806 80.547
13.1875 80.5941
13.1944 80.6147
13.2014 80.6147
13.2083 80.6147
13.2153 80.6362
13.2222 80.6362
13.2292 80.6362
13.2361 80.6375
13.2431 80.6664
13.25 80.6664
13.2569 80.6664
13.2639 80.6693
13.2708 80.7068
13.2778 80.7362
13.2847 80.7441
13.2917 80.7441
13.2986 80.7442
13.3056 80.7572
13.3125 80.7572
13.3194 80.7572
13.3264 80.7696
13.3333 80.779
13.3403 80.779
13.3472 80.7753
13.3542 80.7776
13.3611 80.7776
13.3681 80.7776
13.375 80.7942
13.3819 80.7942
13.3889 80.7942
13.3958 80.8027
13.4028 80.8339
13.4097 80.8572
13.4167 80.8572
13.4236 80.8572
13.4306 80.8536
13.4375 80.8717
13.4444 80.8717
13.4514 80.8717
13.4583 80.8748
13.4653 80.906
13.4722 80.906
13.4792 80.906
13.4861 80.9053
13.4931 80.9278
13.5 80.937
13.5069 80.937
13.5139 80.9349
13.5208 80.9374
13.5278 80.9374
13.5347 80.9374
13.5417 80.9498
13.5486 80.9498
13.5556 80.9498
13.5625 80.955
13.5694 80.9693
13.5764 80.9693
13.5833 80.9693
13.5903 80.9759
13.5972 80.9759
13.6042 80.9759
13.6111 80.986
13.6181 81.0026
13.625 81.0026
13.6319 81.0026
13.6389 81.013
13.6458 81.0458
13.6528 81.0658
13.6597 81.0658
13.6667 81.0658
13.6736 81.0672
13.6806 81.0905
13.6875 81.0905
13.6944 81.0905
13.7014 81.0869
13.7083 81.1142
13.7153 81.1414
13.7222 81.1683
13.7292 81.1985
13.7361 81.1985
13.7431 81.1985
13.75 81.1967
13.7569 81.2002
13.7639 81.2002
13.7708 81.2002
13.7778 81.2156
13.7847 81.2207
13.7917 81.2207
13.7986 81.2207
13.8056 81.2387
13.8125 81.2532
13.8194 81.2532
13.8264 81.2532
13.8333 81.2616
13.8403 81.2917
13.8472 81.322
13.8542 81.3414
13.8611 81.3414
13.8681 81.3414
13.875 81.3426
13.8819 81.3732
13.8889 81.4027
13.8958 81.4304
13.9028 81.4618
13.9097 81.493
13.9167 81.5224
13.9236 81.5502
13.9306 81.5817
13.9375 81.6109
13.9444 81.6415
13.9514 81.6738
13.9583 81.7056
13.9653 81.7336
13.9722 81.7638
13.9792 81.7948
13.9861 81.8255
13.9931 81.8562
14 81.8877
14.0069 81.9203
14.0139 81.9523
14.0208 81.9855
14.0278 82.0189
14.0347 82.0502
14.0417 82.0823
14.0486 82.1154
14.0556 82.1497
14.0625 82.1842
14.0694 82.2187
14.0764 82.2508
14.0833 82.2843
14.0903 82.3187
14.0972 82.3532
14.1042 82.386
14.1111 82.4196
14.1181 82.4196
14.125 82.4196
14.1319 82.4173
14.1389 82.4436
14.1458 82.4784
14.1528 82.5116
14.1597 82.5445
14.1667 82.5796
14.1736 82.6137
14.1806 82.6492
14.1875 82.6857
14.1944 82.6857
14.2014 82.6857
14.2083 82.6863
14.2153 82.7219
14.2222 82.7586
14.2292 82.7962
14.2361 82.7962
14.2431 82.7962
14.25 82.7931
14.2569 82.8201
14.2639 82.8564
14.2708 82.8934
14.2778 82.929
14.2847 82.9388
14.2917 82.9388
14.2986 82.9388
14.3056 82.9582
14.3125 82.9924
14.3194 83.0284
14.3264 83.0658
14.3333 83.1003
14.3403 83.1377
14.3472 83.1736
14.3542 83.2105
14.3611 83.2434
14.3681 83.2802
14.375 83.3193
14.3819 83.3565
14.3889 83.396
14.3958 83.4345
14.4028 83.4749
14.4097 83.5161
14.4167 83.5565
14.4236 83.5969
14.4306 83.637
14.4375 83.6756
14.4444 83.7166
14.4514 83.7549
14.4583 83.7967
14.4653 83.8317
14.4722 83.87
14.4792 83.9129
14.4861 83.9555
14.4931 83.9967
14.5 84.0388
14.5069 84.0769
14.5139 84.1192
14.5208 84.1613
14.5278 84.2038
14.5347 84.2464
14.5417 84.2861
14.5486 84.3271
14.5556 84.3701
14.5625 84.4152
14.5694 84.4496
14.5764 84.4929
14.5833 84.5378
14.5903 84.5801
14.5972 84.6211
14.6042 84.6596
14.6111 84.6983
14.6181 84.7345
14.625 84.7721
14.6319 84.8118
14.6389 84.8118
14.6458 84.8118
14.6528 84.8096
14.6597 84.8309
14.6667 84.8309
14.6736 84.8309
14.6806 84.829
14.6875 84.8544
14.6944 84.8902
14.7014 84.9268
14.7083 84.9641
14.7153 85.0043
14.7222 85.0434
14.7292 85.0808
14.7361 85.1181
14.7431 85.1557
14.75 85.1929
14.7569 85.226
14.7639 85.2573
14.7708 85.2962
14.7778 85.3318
14.7847 85.3657
14.7917 85.3999
14.7986 85.4324
14.8056 85.4609
14.8125 85.4894
14.8194 85.5196
14.8264 85.5498
14.8333 85.5811
14.8403 85.609
14.8472 85.6391
14.8542 85.6686
14.8611 85.6971
14.8681 85.7288
14.875 85.7582
14.8819 85.7846
14.8889 85.7906
14.8958 85.7906
14.9028 85.7906
14.9097 85.8018
14.9167 85.8258
14.9236 85.8529
14.9306 85.8702
14.9375 85.8702
14.9444 85.8702
14.9514 85.8672
14.9583 85.8907
14.9653 85.9213
14.9722 85.9511
14.9792 85.9828
14.9861 86.0151
14.9931 86.0466
15 86.0784
15.0069 86.1092
15.0139 86.1406
15.0208 86.172
15.0278 86.2039
15.0347 86.2342
15.0417 86.2652
15.0486 86.296
15.0556 86.3268
15.0625 86.358
15.0694 86.3875
15.0764 86.4184
15.0833 86.448
15.0903 86.4787
15.0972 86.5092
15.1042 86.5394
15.1111 86.5695
15.1181 86.5992
15.125 86.6295
15.1319 86.6592
15.1389 86.6893
15.1458 86.7194
15.1528 86.7481
15.1597 86.777
15.1667 86.8056
15.1736 86.8337
15.1806 86.8617
15.1875 86.8884
15.1944 86.9089
15.2014 86.9089
15.2083 86.9089
15.2153 86.9087
15.2222 86.9302
15.2292 86.9534
15.2361 86.975
15.2431 86.9993
15.25 87.0216
15.2569 87.0426
15.2639 87.0655
15.2708 87.0874
15.2778 87.1075
15.2847 87.1296
15.2917 87.1521
15.2986 87.1753
15.3056 87.1965
15.3125 87.2176
15.3194 87.2408
15.3264 87.2632
15.3333 87.2856
15.3403 87.3075
15.3472 87.3307
15.3542 87.3499
15.3611 87.3712
15.3681 87.3924
15.375 87.4141
15.3819 87.4362
15.3889 87.4559
15.3958 87.4777
15.4028 87.4997
15.4097 87.5198
15.4167 87.5412
15.4236 87.5626
15.4306 87.5854
15.4375 87.6079
15.4444 87.6298
15.4514 87.6516
15.4583 87.6737
15.4653 87.694
15.4722 87.7149
15.4792 87.7354
15.4861 87.7582
15.4931 87.7793
15.5 87.8007
15.5069 87.823
15.5139 87.8446
15.5208 87.8664
15.5278 87.8864
15.5347 87.9077
15.5417 87.9301
15.5486 87.9513
15.5556 87.9746
15.5625 87.9973
15.5694 88.0199
15.5764 88.0444
15.5833 88.0652
15.5903 88.0882
15.5972 88.1106
15.6042 88.1322
15.6111 88.1548
15.6181 88.178
15.625 88.2002
15.6319 88.2224
15.6389 88.2458
15.6458 88.2681
15.6528 88.2904
15.6597 88.3119
15.6667 88.3345
15.6736 88.3568
15.6806 88.3811
15.6875 88.4041
15.6944 88.4267
15.7014 88.4486
15.7083 88.4707
15.7153 88.4932
15.7222 88.5155
15.7292 88.5379
15.7361 88.5602
15.7431 88.5818
15.75 88.6025
15.7569 88.6236
15.7639 88.6447
15.7708 88.6668
15.7778 88.6894
15.7847 88.7111
15.7917 88.7314
15.7986 88.7542
15.8056 88.7773
15.8125 88.7961
15.8194 88.8171
15.8264 88.8385
15.8333 88.8573
15.8403 88.8768
15.8472 88.8966
15.8542 88.9189
15.8611 88.9384
15.8681 88.956
15.875 88.974
15.8819 88.9973
15.8889 89.0201
15.8958 89.0433
15.9028 89.0636
15.9097 89.0844
15.9167 89.105
15.9236 89.1231
15.9306 89.1416
15.9375 89.1586
15.9444 89.1765
15.9514 89.1927
15.9583 89.2088
15.9653 89.2237
15.9722 89.2397
15.9792 89.2548
15.9861 89.2708
15.9931 89.2864
16 89.3021
16.0069 89.3173
16.0139 89.3325
16.0208 89.3475
16.0278 89.362
16.0347 89.3772
16.0417 89.3919
16.0486 89.4072
16.0556 89.4225
16.0625 89.4382
16.0694 89.4533
16.0764 89.4686
16.0833 89.4833
16.0903 89.4982
16.0972 89.5133
16.1042 89.5276
16.1111 89.5424
16.1181 89.5567
16.125 89.5722
16.1319 89.5871
16.1389 89.6007
16.1458 89.6156
16.1528 89.63
16.1597 89.6452
16.1667 89.6597
16.1736 89.6752
16.1806 89.6901
16.1875 89.7051
16.1944 89.7199
16.2014 89.7345
16.2083 89.7496
16.2153 89.7636
16.2222 89.7778
16.2292 89.7923
16.2361 89.8072
16.2431 89.8217
16.25 89.8365
16.2569 89.8514
16.2639 89.8667
16.2708 89.8822
16.2778 89.8982
16.2847 89.9134
16.2917 89.9287
16.2986 89.9436
16.3056 89.958
16.3125 89.9722
16.3194 89.9861
16.3264 90.0018
16.3333 90.0177
16.3403 90.034
16.3472 90.049
16.3542 90.0637
16.3611 90.079
16.3681 90.0943
16.375 90.1097
16.3819 90.1244
16.3889 90.1391
16.3958 90.1553
16.4028 90.1701
16.4097 90.1855
16.4167 90.2008
16.4236 90.2164
16.4306 90.2316
16.4375 90.2473
16.4444 90.263
16.4514 90.2787
16.4583 90.2935
16.4653 90.3091
16.4722 90.3248
16.4792 90.3384
16.4861 90.3538
16.4931 90.3684
16.5 90.384
16.5069 90.3994
16.5139 90.4156
16.5208 90.4306
16.5278 90.4459
16.5347 90.4608
16.5417 90.4752
16.5486 90.4904
16.5556 90.5046
16.5625 90.52
16.5694 90.5348
16.5764 90.5496
16.5833 90.5629
16.5903 90.5774
16.5972 90.5919
16.6042 90.6054
16.6111 90.6205
16.6181 90.6352
16.625 90.65
16.6319 90.665
16.6389 90.6784
16.6458 90.6914
16.6528 90.7049
16.6597 90.7185
16.6667 90.7314
16.6736 90.7444
16.6806 90.755
16.6875 90.7659
16.6944 90.7768
16.7014 90.7889
16.7083 90.8007
16.7153 90.8117
16.7222 90.8225
16.7292 90.8324
16.7361 90.8416
16.7431 90.8506
16.75 90.8602
16.7569 90.8684
16.7639 90.8764
16.7708 90.8841
16.7778 90.8916
16.7847 90.8992
16.7917 90.9068
16.7986 90.9143
16.8056 90.9216
16.8125 90.9289
16.8194 90.9363
16.8264 90.9432
16.8333 90.9502
16.8403 90.957
16.8472 90.964
16.8542 90.9709
16.8611 90.9781
16.8681 90.9855
16.875 90.9925
16.8819 90.9997
16.8889 91.0067
16.8958 91.0134
16.9028 91.02
16.9097 91.0265
16.9167 91.0332
16.9236 91.0398
16.9306 91.0462
16.9375 91.0531
16.9444 91.0595
16.9514 91.0658
16.9583 91.0722
16.9653 91.0787
16.9722 91.0853
16.9792 91.0915
16.9861 91.0976
16.9931 91.1033
17 91.1087
