--stream stream-histogram-greedy-miranda-viscosity.txt
--subsampling-factor 4
--dataset C:\Users\pavol\OneDrive\resolution-precision-test-data\miranda-viscosity-384x384-float64.json
--quantity histogram
--histogram-dist emd
--num-bins 256
--transform cdf53
--nlevels 3
--bits-quantize 16
--group-size 16 16 1

Bytes Errors 2448
0.00694444 18.2896
0.0138889 15.0611
0.0208333 12.2021
0.0277778 10.1738
0.0347222 7.85621
0.0416667 7.03019
0.0486111 6.35699
0.0555556 2.36002
0.0625 4.52922
0.0694444 1.64085
0.0763889 2.48917
0.0833333 1.95652
0.0902778 1.53436
0.0972222 1.55769
0.104167 1.51828
0.111111 1.69438
0.118056 1.55739
0.125 1.445
0.131944 1.31922
0.138889 1.24554
0.145833 1.15374
0.152778 1.0823
0.159722 1.03583
0.166667 1.07007
0.173611 1.00879
0.180556 0.983181
0.1875 0.90804
0.194444 0.845479
0.201389 0.839952
0.208333 0.821872
0.215278 0.736498
0.222222 0.696282
0.229167 0.703654
0.236111 0.673686
0.243056 0.614766
0.25 0.561693
0.256944 0.53595
0.263889 0.520983
0.270833 0.50594
0.277778 0.515997
0.284722 0.472941
0.291667 0.489787
0.298611 0.516723
0.305556 0.466119
0.3125 0.450588
0.319444 0.431186
0.326389 0.414435
0.333333 0.40332
0.340278 0.390991
0.347222 0.385091
0.354167 0.380161
0.361111 0.372864
0.368056 0.375291
0.375 0.372599
0.381944 0.370165
0.388889 0.365288
0.395833 0.352756
0.402778 0.346415
0.409722 0.343865
0.416667 0.332485
0.423611 0.318292
0.430556 0.316481
0.4375 0.308098
0.444444 0.303168
0.451389 0.306851
0.458333 0.301378
0.465278 0.292189
0.472222 0.284851
0.479167 0.274068
0.486111 0.27476
0.493056 0.273586
0.5 0.274027
0.506944 0.267395
0.513889 0.262037
0.520833 0.261027
0.527778 0.260247
0.534722 0.260071
0.541667 0.256117
0.548611 0.258457
0.555556 0.253167
0.5625 0.253567
0.569444 0.251953
0.576389 0.251437
0.583333 0.24608
0.590278 0.247294
0.597222 0.243184
0.604167 0.242167
0.611111 0.239583
0.618056 0.238118
0.625 0.238118
0.631944 0.232334
0.638889 0.227837
0.645833 0.221639
0.652778 0.221334
0.659722 0.224603
0.666667 0.223253
0.673611 0.220683
0.680556 0.219564
0.6875 0.215067
0.694444 0.212402
0.701389 0.213087
0.708333 0.212653
0.715278 0.207485
0.722222 0.207485
0.729167 0.201212
0.736111 0.200805
0.743056 0.199158
0.75 0.197727
0.756944 0.195434
0.763889 0.190219
0.770833 0.190219
0.777778 0.189656
0.784722 0.182556
0.791667 0.182414
0.798611 0.175442
0.805556 0.169047
0.8125 0.166524
0.819444 0.162448
0.826389 0.162448
0.833333 0.156142
0.840278 0.156142
0.847222 0.153368
0.854167 0.151625
0.861111 0.14858
0.868056 0.145603
0.875 0.145603
0.881944 0.14131
0.888889 0.139947
0.895833 0.139655
0.902778 0.134745
0.909722 0.135945
0.916667 0.13562
0.923611 0.134962
0.930556 0.127462
0.9375 0.127
0.944444 0.125217
0.951389 0.123359
0.958333 0.123949
0.965278 0.121758
0.972222 0.116129
0.979167 0.112745
0.986111 0.112745
0.993056 0.107245
1 0.107483
1.00694 0.103658
1.01389 0.10239
1.02083 0.100301
1.02778 0.0985446
1.03472 0.0991279
1.04167 0.0974053
1.04861 0.0963134
1.05556 0.0937702
1.0625 0.0909423
1.06944 0.0892536
1.07639 0.0872396
1.08333 0.0872396
1.09028 0.0848321
1.09722 0.0839911
1.10417 0.0801594
1.11111 0.0800441
1.11806 0.0807087
1.125 0.0803222
1.13194 0.0803222
1.13889 0.0784233
1.14583 0.0783623
1.15278 0.0783623
1.15972 0.0768568
1.16667 0.0755004
1.17361 0.0723468
1.18056 0.0723468
1.1875 0.0695327
1.19444 0.0696275
1.20139 0.0696275
1.20833 0.0690442
1.21528 0.0694512
1.22222 0.0663858
1.22917 0.063863
1.23611 0.0630017
1.24306 0.0628797
1.25 0.0631781
1.25694 0.0631781
1.26389 0.0602212
1.27083 0.059794
1.27778 0.0576714
1.28472 0.0567491
1.29167 0.0551757
1.29861 0.0551757
1.30556 0.0549723
1.3125 0.0542942
1.31944 0.0536973
1.32639 0.0532295
1.33333 0.0524088
1.34028 0.0510728
1.34722 0.051066
1.35417 0.049825
1.36111 0.0500623
1.36806 0.0490926
1.375 0.0485094
1.38194 0.0473429
1.38889 0.0455526
1.39583 0.045227
1.40278 0.0445421
1.40972 0.0443183
1.41667 0.0442573
1.42361 0.0451456
1.43056 0.0453084
1.4375 0.0449354
1.44444 0.0443251
1.45139 0.0445285
1.45833 0.0445285
1.46528 0.0447184
1.47222 0.0431179
1.47917 0.0431179
1.48611 0.0428873
1.49306 0.0423177
1.5 0.0419243
1.50694 0.0412461
1.51389 0.0405409
1.52083 0.0404256
1.52778 0.0394219
1.53472 0.0383436
1.54167 0.0374823
1.54861 0.0378349
1.55556 0.0378349
1.5625 0.0384182
1.56944 0.0381266
1.57639 0.0380791
1.58333 0.0374281
1.59028 0.0374213
1.59722 0.0359836
1.60417 0.0356309
1.61111 0.0350884
1.61806 0.0344916
1.625 0.0355292
1.63194 0.0357055
1.63889 0.0357055
1.64583 0.0356988
1.65278 0.0358005
1.65972 0.0351833
1.66667 0.0342271
1.67361 0.0340711
1.68056 0.0341525
1.6875 0.0341865
1.69444 0.0332641
1.70139 0.0335422
1.70833 0.0324163
1.71528 0.0321112
1.72222 0.0317856
1.72917 0.0316297
1.73611 0.0315891
1.74306 0.0314602
1.75 0.0309109
1.75694 0.0313313
1.76389 0.030436
1.77083 0.0303073
1.77778 0.0297444
1.78472 0.0297919
1.79167 0.0296969
1.79861 0.0296969
1.80556 0.0297241
1.8125 0.0297241
1.81944 0.0296562
1.82639 0.030124
1.83333 0.0301376
1.84028 0.0300224
1.84722 0.0300224
1.85417 0.0292697
1.86111 0.0290798
1.86806 0.0293714
1.875 0.0293714
1.88194 0.0293104
1.88889 0.0293986
1.89583 0.0289713
1.90278 0.0289917
1.90972 0.0288899
1.91667 0.0281167
1.92361 0.0281167
1.93056 0.0279269
1.9375 0.0279269
1.94444 0.0279404
1.95139 0.0279404
1.95833 0.0277913
1.96528 0.0277846
1.97222 0.0277438
1.97917 0.0277777
1.98611 0.0281304
1.99306 0.0275607
2 0.0274047
2.00694 0.0271945
2.01389 0.0271945
2.02083 0.0269166
2.02778 0.0269166
2.03472 0.0268893
2.04167 0.0268485
2.04861 0.0268146
2.05556 0.0268757
2.0625 0.0275743
2.06944 0.0274725
2.07639 0.0281371
2.08333 0.0279133
2.09028 0.0278116
2.09722 0.0277777
2.10417 0.0283677
2.11111 0.0285034
2.11806 0.0284558
2.125 0.0284016
2.13194 0.0284151
2.13889 0.028232
2.14583 0.028232
2.15278 0.0281913
2.15972 0.0284491
2.16667 0.0284491
2.17361 0.0284695
2.18056 0.028327
2.1875 0.0283949
2.19444 0.0281983
2.20139 0.0281169
2.20833 0.0281373
2.21528 0.0281642
2.22222 0.0281575
2.22917 0.0281575
2.23611 0.0282253
2.24306 0.0280083
2.25 0.0277845
2.25694 0.0276421
2.26389 0.0274386
2.27083 0.0273504
2.27778 0.0273504
2.28472 0.0273504
2.29167 0.0273302
2.29861 0.0273302
2.30556 0.0269909
2.3125 0.0265909
2.31944 0.0265909
2.32639 0.026869
2.33333 0.026869
2.34028 0.0268351
2.34722 0.0268351
2.35417 0.0265706
2.36111 0.0265706
2.36806 0.026367
2.375 0.026367
2.38194 0.026306
2.38889 0.0263263
2.39583 0.0266316
2.40278 0.0266655
2.40972 0.0266655
2.41667 0.026523
2.42361 0.026618
2.43056 0.026618
2.4375 0.0265638
2.44444 0.0264282
2.45139 0.0264282
2.45833 0.0266045
2.46528 0.0265706
2.47222 0.0265163
2.47917 0.0261095
2.48611 0.0261095
2.49306 0.0259941
2.5 0.0258111
2.50694 0.0259738
2.51389 0.0259738
2.52083 0.0264146
2.52778 0.0263603
2.53472 0.0261434
2.54167 0.0261434
2.54861 0.0256212
2.55556 0.0262858
2.5625 0.0257432
2.56944 0.0258381
2.57639 0.0259059
2.58333 0.0259468
2.59028 0.0260076
2.59722 0.0260076
2.60417 0.0260144
2.61111 0.0259059
2.61806 0.0256007
2.625 0.0253498
2.63194 0.0254787
2.63889 0.0252684
2.64583 0.0252684
2.65278 0.0253972
2.65972 0.0255126
2.66667 0.0254922
2.67361 0.0254515
2.68056 0.0251735
2.6875 0.0251735
2.69444 0.0249023
2.70139 0.024536
2.70833 0.0245835
2.71528 0.0245835
2.72222 0.0244683
2.72917 0.0242716
2.73611 0.0242716
2.74306 0.0240139
2.75 0.0241427
2.75694 0.0241427
2.76389 0.0242783
2.77083 0.0241495
2.77778 0.0241495
2.78472 0.0242716
2.79167 0.0242716
2.79861 0.0242784
2.80556 0.0242784
2.8125 0.024319
2.81944 0.0242581
2.82639 0.0243259
2.83333 0.0243259
2.84028 0.0244547
2.84722 0.0244547
2.85417 0.0242241
2.86111 0.0242241
2.86806 0.0241969
2.875 0.0242647
2.88194 0.0242647
2.88889 0.0241834
2.89583 0.0241834
2.90278 0.0241359
2.90972 0.0242445
2.91667 0.0242852
2.92361 0.0241088
2.93056 0.0240546
2.9375 0.0240546
2.94444 0.0240205
2.95139 0.0240205
2.95833 0.0236883
2.96528 0.0236883
2.97222 0.0235663
2.97917 0.0235663
2.98611 0.0235189
2.99306 0.0235257
3 0.0233628
3.00694 0.0233628
3.01389 0.0231796
3.02083 0.0231796
3.02778 0.0231661
3.03472 0.0227863
3.04167 0.0227863
3.04861 0.0227795
3.05556 0.0233831
3.0625 0.0233831
3.06944 0.0234509
3.07639 0.0234849
3.08333 0.0234849
3.09028 0.0235255
3.09722 0.0238037
3.10417 0.0238037
3.11111 0.0238037
3.11806 0.0237018
3.125 0.0237018
3.13194 0.0232814
3.13889 0.0232814
3.14583 0.0235255
3.15278 0.0237019
3.15972 0.0237019
3.16667 0.0238036
3.17361 0.0238036
3.18056 0.024102
3.1875 0.0242173
3.19444 0.0242173
3.20139 0.0239054
3.20833 0.0239054
3.21528 0.0239597
3.22222 0.0238783
3.22917 0.0236137
3.23611 0.0236137
3.24306 0.0236611
3.25 0.0236611
3.25694 0.0237087
3.26389 0.0235256
3.27083 0.0237291
3.27778 0.0237562
3.28472 0.0237562
3.29167 0.023017
3.29861 0.0223659
3.30556 0.0223659
3.3125 0.0222439
3.31944 0.0222981
3.32639 0.0220065
3.33333 0.0220743
3.34028 0.0218845
3.34722 0.0218845
3.35417 0.0218641
3.36111 0.0222439
3.36806 0.0223727
3.375 0.0224473
3.38194 0.0225762
3.38889 0.0223523
3.39583 0.0223523
3.40278 0.0222439
3.40972 0.0219997
3.41667 0.0218641
3.42361 0.0218777
3.43056 0.0218777
3.4375 0.0217081
3.44444 0.0217081
3.45139 0.0216402
3.45833 0.0216402
3.46528 0.0216809
3.47222 0.0216266
3.47917 0.0215656
3.48611 0.0215656
3.49306 0.021776
3.5 0.021681
3.50694 0.021681
3.51389 0.0217149
3.52083 0.0217149
3.52778 0.0213488
3.53472 0.0213488
3.54167 0.0214164
3.54861 0.0214164
3.55556 0.0215386
3.5625 0.0215386
3.56944 0.0215183
3.57639 0.0216063
3.58333 0.0215046
3.59028 0.0215046
3.59722 0.0215182
3.60417 0.0215182
3.61111 0.0213215
3.61806 0.0213215
3.625 0.0212605
3.63194 0.0212605
3.63889 0.0212741
3.64583 0.0212537
3.65278 0.0212538
3.65972 0.0212538
3.66667 0.0212944
3.67361 0.0213691
3.68056 0.0213691
3.6875 0.0212131
3.69444 0.021247
3.70139 0.021247
3.70833 0.0211657
3.71528 0.0210978
3.72222 0.0210978
3.72917 0.02103
3.73611 0.0210706
3.74306 0.0208469
3.75 0.0208469
3.75694 0.0208129
3.76389 0.0207994
3.77083 0.0209554
3.77778 0.0209554
3.78472 0.0208672
3.79167 0.0208672
3.79861 0.0207858
3.80556 0.0207858
3.8125 0.0203518
3.81944 0.0202297
3.82639 0.0202026
3.83333 0.0198499
3.84028 0.0198499
3.84722 0.0201008
3.85417 0.020033
3.86111 0.0200127
3.86806 0.0201551
3.875 0.0201144
3.88194 0.0201144
3.88889 0.0200127
3.89583 0.0198703
3.90278 0.0198703
3.90972 0.0197346
3.91667 0.0198974
3.92361 0.0199856
3.93056 0.019633
3.9375 0.019633
3.94444 0.0196533
3.95139 0.0196533
3.95833 0.0196601
3.96528 0.0197211
3.97222 0.0196058
3.97917 0.0194566
3.98611 0.0195244
3.99306 0.0196532
4 0.0197008
4.00694 0.0198093
4.01389 0.0198432
4.02083 0.0198567
4.02778 0.0196736
4.03472 0.0196736
4.04167 0.01966
4.04861 0.01966
4.05556 0.0194227
4.0625 0.0196329
4.06944 0.0198906
4.07639 0.0198432
4.08333 0.0198432
4.09028 0.0197821
4.09722 0.0197821
4.10417 0.0200263
4.11111 0.0193277
4.11806 0.0192803
4.125 0.0191921
4.13194 0.0191921
4.13889 0.019599
4.14583 0.0196126
4.15278 0.0196126
4.15972 0.019504
4.16667 0.019504
4.17361 0.0193481
4.18056 0.0193481
4.1875 0.0191243
4.19444 0.0188462
4.20139 0.0188462
4.20833 0.018792
4.21528 0.0187987
4.22222 0.0187987
4.22917 0.0188599
4.23611 0.0188191
4.24306 0.0188191
4.25 0.0187513
4.25694 0.0187513
4.26389 0.0187445
4.27083 0.0188124
4.27778 0.0188598
4.28472 0.0190633
4.29167 0.0184597
4.29861 0.0184597
4.30556 0.0184258
4.3125 0.0184258
4.31944 0.0184054
4.32639 0.0184054
4.33333 0.0186496
4.34028 0.0186496
4.34722 0.0186428
4.35417 0.0186428
4.36111 0.0186835
4.36806 0.0186835
4.375 0.0182562
4.38194 0.0181207
4.38889 0.0181274
4.39583 0.0179986
4.40278 0.0180054
4.40972 0.0180054
4.41667 0.0179036
4.42361 0.0178629
4.43056 0.0178425
4.4375 0.0181614
4.44444 0.0183173
4.45139 0.0181817
4.45833 0.0181817
4.46528 0.0177476
4.47222 0.0176459
4.47917 0.0176459
4.48611 0.017768
4.49306 0.0175645
4.5 0.0175645
4.50694 0.0174968
4.51389 0.0172458
4.52083 0.0172458
4.52778 0.0174763
4.53472 0.0174763
4.54167 0.0174086
4.54861 0.0178493
4.55556 0.0176865
4.5625 0.0176865
4.56944 0.0176798
4.57639 0.0176798
4.58333 0.0176798
4.59028 0.0176391
4.59722 0.0170966
4.60417 0.0170966
4.61111 0.0169678
4.61806 0.0169678
4.625 0.0167168
4.63194 0.0167168
4.63889 0.0167032
4.64583 0.0170491
4.65278 0.0170491
4.65972 0.0169135
4.66667 0.0169135
4.67361 0.017083
4.68056 0.0170491
4.6875 0.0171101
4.69444 0.0170965
4.70139 0.0167846
4.70833 0.0167846
4.71528 0.0167643
4.72222 0.0165948
4.72917 0.0165948
4.73611 0.0164252
4.74306 0.0165608
4.75 0.0165676
4.75694 0.0166422
4.76389 0.0168728
4.77083 0.016771
4.77778 0.0166218
4.78472 0.0164659
4.79167 0.0164659
4.79861 0.0162218
4.80556 0.0162218
4.8125 0.0161878
4.81944 0.0162082
4.82639 0.0162828
4.83333 0.016276
4.84028 0.0161743
4.84722 0.0160929
4.85417 0.0160929
4.86111 0.0161878
4.86806 0.0163031
4.875 0.0163913
4.88194 0.016432
4.88889 0.016432
4.89583 0.016493
4.90278 0.0163981
4.90972 0.0162693
4.91667 0.0162624
4.92361 0.0162624
4.93056 0.0162693
4.9375 0.0161811
4.94444 0.0160997
4.95139 0.0160794
4.95833 0.0162489
4.96528 0.0162489
4.97222 0.0163709
4.97917 0.0163709
4.98611 0.0162082
4.99306 0.0162082
5 0.0162082
5.00694 0.0159912
5.01389 0.0159912
5.02083 0.0160115
5.02778 0.0160115
5.03472 0.0159844
5.04167 0.0157064
5.04861 0.0157064
5.05556 0.015408
5.0625 0.0153469
5.06944 0.0153809
5.07639 0.0154758
5.08333 0.0155232
5.09028 0.015625
5.09722 0.0156114
5.10417 0.0155842
5.11111 0.0157538
5.11806 0.0157131
5.125 0.0158149
5.13194 0.0154079
5.13889 0.0154079
5.14583 0.0153469
5.15278 0.0157063
5.15972 0.0157063
5.16667 0.0155368
5.17361 0.0155572
5.18056 0.0156996
5.1875 0.0157606
5.19444 0.0156521
5.20139 0.0155572
5.20833 0.0156114
5.21528 0.0156114
5.22222 0.01553
5.22917 0.015564
5.23611 0.015564
5.24306 0.0155368
5.25 0.0155368
5.25694 0.0154826
5.26389 0.0154826
5.27083 0.0153401
5.27778 0.0152316
5.28472 0.0150282
5.29167 0.0149604
5.29861 0.0147094
5.30556 0.0147094
5.3125 0.0144517
5.31944 0.0145602
5.32639 0.0145263
5.33333 0.0147095
5.34028 0.0145805
5.34722 0.0143703
5.35417 0.0142483
5.36111 0.0142483
5.36806 0.0140922
5.375 0.0140922
5.38194 0.0141669
5.38889 0.0141669
5.39583 0.0140991
5.40278 0.0140042
5.40972 0.0139838
5.41667 0.0139159
5.42361 0.0138821
5.43056 0.0138821
5.4375 0.0139567
5.44444 0.0141398
5.45139 0.0141398
5.45833 0.0144382
5.46528 0.014472
5.47222 0.014472
5.47917 0.0140244
5.48611 0.0144043
5.49306 0.0146823
5.5 0.014784
5.50694 0.0149807
5.51389 0.0149807
5.52083 0.0150418
5.52778 0.0150418
5.53472 0.0150214
5.54167 0.0150214
5.54861 0.0150892
5.55556 0.0150892
5.5625 0.0150214
5.56944 0.0150214
5.57639 0.0150282
5.58333 0.0146417
5.59028 0.0144382
5.59722 0.0144246
5.60417 0.0144449
5.61111 0.0144449
5.61806 0.014567
5.625 0.014567
5.63194 0.014506
5.63889 0.0144043
5.64583 0.0144856
5.65278 0.0144856
5.65972 0.0144382
5.66667 0.0144382
5.67361 0.0143364
5.68056 0.0146687
5.6875 0.0143093
5.69444 0.0143025
5.70139 0.0143975
5.70833 0.0143975
5.71528 0.0142754
5.72222 0.0142754
5.72917 0.0142754
5.73611 0.014228
5.74306 0.0142686
5.75 0.0142619
5.75694 0.0142415
5.76389 0.0142008
5.77083 0.0142008
5.77778 0.0140313
5.78472 0.0141059
5.79167 0.0141059
5.79861 0.0140584
5.80556 0.014194
5.8125 0.014194
5.81944 0.0140923
5.82639 0.0140923
5.83333 0.0141195
5.84028 0.014289
5.84722 0.014289
5.85417 0.0142008
5.86111 0.0143365
5.86806 0.0140923
5.875 0.0140313
5.88194 0.0140313
5.88889 0.0139635
5.89583 0.0139635
5.90278 0.0139635
5.90972 0.0138753
5.91667 0.0138753
5.92361 0.0138618
5.93056 0.01376
5.9375 0.0139635
5.94444 0.0139635
5.95139 0.0141466
5.95833 0.0140109
5.96528 0.0140109
5.97222 0.014011
5.97917 0.0136379
5.98611 0.0136244
5.99306 0.0136244
6 0.0136379
6.00694 0.0136719
6.01389 0.0136719
6.02083 0.0136447
6.02778 0.0134548
6.03472 0.0130547
6.04167 0.0129937
6.04861 0.0129462
6.05556 0.0129462
6.0625 0.0130005
6.06944 0.0129055
6.07639 0.0129055
6.08333 0.0130819
6.09028 0.0130819
6.09722 0.013109
6.10417 0.013109
6.11111 0.0129123
6.11806 0.0129123
6.125 0.0128377
6.13194 0.0128377
6.13889 0.0128716
6.14583 0.0127631
6.15278 0.0124173
6.15972 0.0122274
6.16667 0.0122274
6.17361 0.012241
6.18056 0.0122884
6.1875 0.0122274
6.19444 0.0122274
6.20139 0.0121596
6.20833 0.0122545
6.21528 0.0119968
6.22222 0.0119968
6.22917 0.0120782
6.23611 0.0120782
6.24306 0.0120443
6.25 0.0121053
6.25694 0.0121053
6.26389 0.0120307
6.27083 0.0116713
6.27778 0.0115763
6.28472 0.0114339
6.29167 0.0115289
6.29861 0.0115289
6.30556 0.0115153
6.3125 0.0115831
6.31944 0.0115831
6.32639 0.0116985
6.33333 0.0116442
6.34028 0.0117595
6.34722 0.0116035
6.35417 0.0116035
6.36111 0.011712
6.36806 0.011712
6.375 0.0116509
6.38194 0.0115221
6.38889 0.0115492
6.39583 0.0115492
6.40278 0.0115424
6.40972 0.0115424
6.41667 0.0115153
6.42361 0.0114882
6.43056 0.0114882
6.4375 0.0114678
6.44444 0.0114136
6.45139 0.0114136
6.45833 0.0113119
6.46528 0.0113119
6.47222 0.0112847
6.47917 0.0112847
6.48611 0.0115424
6.49306 0.0115424
6.5 0.0113865
6.50694 0.0114407
6.51389 0.0113119
6.52083 0.0112983
6.52778 0.0114407
6.53472 0.0115018
6.54167 0.0111423
6.54861 0.0101861
6.55556 0.00989448
6.5625 0.0104981
6.56944 0.0104981
6.57639 0.0103896
6.58333 0.0103082
6.59028 0.0103218
6.59722 0.0103828
6.60417 0.0111016
6.61111 0.0112508
6.61806 0.0114271
6.625 0.0114
6.63194 0.0114
6.63889 0.0114203
6.64583 0.011339
6.65278 0.011339
6.65972 0.0112169
6.66667 0.0112169
6.67361 0.0112712
6.68056 0.0112712
6.6875 0.0113322
6.69444 0.0107083
6.70139 0.0107897
6.70833 0.0110338
6.71528 0.0109185
6.72222 0.0109185
6.72917 0.0108236
6.73611 0.0111559
6.74306 0.0111559
6.75 0.0111627
6.75694 0.0111898
6.76389 0.0112372
6.77083 0.0110338
6.77778 0.0110609
6.78472 0.0110474
6.79167 0.0110745
6.79861 0.0111152
6.80556 0.0111152
6.8125 0.0109863
6.81944 0.0111694
6.82639 0.0111694
6.83333 0.0111694
6.84028 0.0108439
6.84722 0.0109185
6.85417 0.0109185
6.86111 0.0109795
6.86806 0.0109795
6.875 0.0111423
6.88194 0.011088
6.88889 0.0108575
6.89583 0.0108507
6.90278 0.0108236
6.90972 0.0106947
6.91667 0.0106947
6.92361 0.0107286
6.93056 0.0108168
6.9375 0.0108168
6.94444 0.0108914
6.95139 0.0108914
6.95833 0.0107286
6.96528 0.0105116
6.97222 0.0104574
6.97917 0.010376
6.98611 0.010376
6.99306 0.0103217
7 0.0104099
7.00694 0.0106608
7.01389 0.0104031
7.02083 0.0104031
7.02778 0.0104031
7.03472 0.00997584
7.04167 0.00997584
7.04861 0.00994871
7.05556 0.00988772
7.0625 0.00970461
7.06944 0.00981988
7.07639 0.00960287
7.08333 0.00953506
7.09028 0.00953506
7.09722 0.00953506
7.10417 0.00954861
7.11111 0.0095893
7.11806 0.00960966
7.125 0.00969782
7.13194 0.00967069
7.13889 0.00947401
7.14583 0.00951471
7.15278 0.00951471
7.15972 0.00950793
7.16667 0.00944012
7.17361 0.00960289
7.18056 0.00973852
7.1875 0.00973852
7.19444 0.00977922
7.20139 0.00975208
7.20833 0.00975208
7.21528 0.00968426
7.22222 0.009413
7.22917 0.009413
7.23611 0.00945368
7.24306 0.00945368
7.25 0.00939263
7.25694 0.00935872
7.26389 0.00935872
7.27083 0.00937909
7.27778 0.00928412
7.28472 0.00938586
7.29167 0.00938586
7.29861 0.00963676
7.30556 0.00964357
7.3125 0.00964357
7.31944 0.00966389
7.32639 0.00966389
7.33333 0.00953506
7.34028 0.00933157
7.34722 0.00952826
7.35417 0.00946044
7.36111 0.00937905
7.36806 0.00937905
7.375 0.00942656
7.38194 0.00937907
7.38889 0.009413
7.39583 0.0095893
7.40278 0.0096707
7.40972 0.00962321
7.41667 0.0094808
7.42361 0.00954183
7.43056 0.00954183
7.4375 0.00958931
7.44444 0.00926379
7.45139 0.0093045
7.45833 0.00934518
7.46528 0.00939943
7.47222 0.00931807
7.47917 0.00931807
7.48611 0.00906036
7.49306 0.00901287
7.5 0.00886368
7.50694 0.00881622
7.51389 0.00861275
7.52083 0.00850424
7.52778 0.00865343
7.53472 0.00865343
7.54167 0.00856527
7.54861 0.00758872
7.55556 0.00723608
7.5625 0.00723608
7.56944 0.00720219
7.57639 0.00753446
7.58333 0.00748697
7.59028 0.00759548
7.59722 0.00759548
7.60417 0.00774469
7.61111 0.00774469
7.61806 0.00773791
7.625 0.00792102
7.63194 0.00842962
7.63889 0.00842962
7.64583 0.00836859
7.65278 0.008294
7.65972 0.00821938
7.66667 0.00819904
7.67361 0.00817191
7.68056 0.00817191
7.6875 0.00781247
7.69444 0.00781247
7.70139 0.00781247
7.70833 0.00806345
7.71528 0.00788028
7.72222 0.00767682
7.72917 0.00768365
7.73611 0.00786675
7.74306 0.00781928
7.75 0.00781928
7.75694 0.00787348
7.76389 0.00826005
7.77083 0.00829399
7.77778 0.0077311
7.78472 0.00793457
7.79167 0.00767685
7.79861 0.0084025
7.80556 0.00828043
7.8125 0.00844319
7.81944 0.00844319
7.82639 0.00852457
7.83333 0.00860595
7.84028 0.00844997
7.84722 0.008511
7.85417 0.00856527
7.86111 0.00842284
7.86806 0.00842284
7.875 0.00842284
7.88194 0.00851776
7.88889 0.00842962
7.89583 0.00842962
7.90278 0.00847031
7.90972 0.00831433
7.91667 0.00840247
7.92361 0.00844319
7.93056 0.00844319
7.9375 0.00781925
7.94444 0.00804979
7.95139 0.00832113
7.95833 0.00822614
7.96528 0.00825332
7.97222 0.0081787
7.97917 0.00804985
7.98611 0.00796166
7.99306 0.00808376
8 0.00813122
8.00694 0.00829396
8.01389 0.00830074
8.02083 0.00814479
8.02778 0.00814479
8.03472 0.00833468
8.04167 0.00844997
8.04861 0.0083686
8.05556 0.00827366
8.0625 0.00812444
8.06944 0.00817193
8.07639 0.00820583
8.08333 0.00820583
8.09028 0.00809053
8.09722 0.00798204
8.10417 0.00816511
8.11111 0.00811089
8.11806 0.00811763
8.125 0.00811767
8.13194 0.0078803
8.13889 0.0078803
8.14583 0.00793458
8.15278 0.00801593
8.15972 0.00817192
8.16667 0.00819228
8.17361 0.00838891
8.18056 0.00849059
8.1875 0.00841601
8.19444 0.00841601
8.20139 0.00857881
8.20833 0.00840926
8.21528 0.00830753
8.22222 0.0084771
8.22917 0.00851094
8.23611 0.00853811
8.24306 0.008511
8.25 0.00843639
8.25694 0.00843639
8.26389 0.0085381
8.27083 0.00868053
8.27778 0.00858559
8.28472 0.00838888
8.29167 0.00758866
8.29861 0.00827365
8.30556 0.00832791
8.3125 0.00827364
8.31944 0.008355
8.32639 0.00823971
8.33333 0.00819224
8.34028 0.00791422
8.34722 0.00797524
8.35417 0.00777177
8.36111 0.007921
8.36806 0.00773786
8.375 0.00758865
8.38194 0.00769039
8.38889 0.00748695
8.39583 0.00736488
8.40278 0.00729706
8.40972 0.00724282
8.41667 0.00742592
8.42361 0.0075412
8.43056 0.00718857
8.4375 0.00726997
8.44444 0.00741236
8.45139 0.00735133
8.45833 0.00733776
8.46528 0.00733775
8.47222 0.00740558
8.47917 0.00727672
8.48611 0.00729031
8.49306 0.00720212
8.5 0.00720215
8.50694 0.00703262
8.51389 0.00701225
8.52083 0.00713432
8.52778 0.00693763
8.53472 0.00724959
8.54167 0.00689018
8.54861 0.00680879
8.55556 0.00677486
8.5625 0.00667993
8.56944 0.00656465
8.57639 0.0065986
8.58333 0.00657144
8.59028 0.00682915
8.59722 0.00656466
8.60417 0.00657145
8.61111 0.0066257
8.61806 0.00661215
8.625 0.00623237
8.63194 0.00608316
8.63889 0.00598147
8.64583 0.00584582
8.65278 0.00599503
8.65972 0.00588651
8.66667 0.00575087
8.67361 0.00617134
8.68056 0.00608996
8.6875 0.00613742
8.69444 0.00597467
8.70139 0.0058526
8.70833 0.00566949
8.71528 0.00549317
8.72222 0.00535078
8.72917 0.0056763
8.73611 0.00573054
8.74306 0.00582547
8.75 0.00556099
8.75694 0.00552708
8.76389 0.00532363
8.77083 0.00524225
8.77778 0.00520156
8.78472 0.0052558
8.79167 0.00538466
8.79861 0.00530327
8.80556 0.00518796
8.8125 0.00507949
8.81944 0.00484212
8.82639 0.00472683
8.83333 0.00497099
8.84028 0.00505235
8.84722 0.00505237
8.85417 0.00506593
8.86111 0.00508627
8.86806 0.00517443
8.875 0.00510661
8.88194 0.00526261
8.88889 0.00528972
8.89583 0.00539822
8.90278 0.00537109
8.90972 0.00529651
8.91667 0.00539822
8.92361 0.00558811
8.93056 0.00554739
8.9375 0.00556774
8.94444 0.00530329
8.95139 0.00539144
8.95833 0.0053372
8.96528 0.00533719
8.97222 0.00530328
8.97917 0.0052965
8.98611 0.00466577
8.99306 0.00484206
9 0.00467257
9.00694 0.0049642
9.01389 0.00501846
9.02083 0.00498452
9.02778 0.00487603
9.03472 0.00465224
9.04167 0.00480822
9.04861 0.00481498
9.05556 0.00472005
9.0625 0.00481501
9.06944 0.00488282
9.07639 0.00487605
9.08333 0.00505915
9.09028 0.00486927
9.09722 0.00495741
9.10417 0.00499809
9.11111 0.005032
9.11806 0.00506591
9.125 0.00525579
9.13194 0.00516082
9.13889 0.00512692
9.14583 0.00512692
9.15278 0.00514048
9.15972 0.00524902
9.16667 0.00524899
9.17361 0.00525577
9.18056 0.00514727
9.1875 0.00514727
9.19444 0.00514727
9.20139 0.00515405
9.20833 0.00524222
9.21528 0.00520154
9.22222 0.00513372
9.22917 0.00504557
9.23611 0.00502521
9.24306 0.00503876
9.25 0.00507947
9.25694 0.00486246
9.26389 0.00482178
9.27083 0.00484212
9.27778 0.00483535
9.28472 0.00488281
9.29167 0.004815
9.29861 0.00481499
9.30556 0.00442843
9.3125 0.00452338
9.31944 0.00444199
9.32639 0.00455729
9.33333 0.00450979
9.34028 0.00444877
9.34722 0.00444877
9.35417 0.00444877
9.36111 0.00442164
9.36806 0.00452336
9.375 0.00439452
9.38194 0.00444199
9.38889 0.00444199
9.39583 0.00444877
9.40278 0.00440806
9.40972 0.00440808
9.41667 0.00442165
9.42361 0.00438093
9.43056 0.00438093
9.4375 0.00438093
9.44444 0.00433345
9.45139 0.00423854
9.45833 0.00422499
9.46528 0.00431993
9.47222 0.00438097
9.47917 0.0044081
9.48611 0.00446913
9.49306 0.00373671
9.5 0.0041097
9.50694 0.00417075
9.51389 0.00419786
9.52083 0.00422499
9.52778 0.00406901
9.53472 0.0042521
9.54167 0.0042521
9.54861 0.00426567
9.55556 0.00425212
9.5625 0.00417752
9.56944 0.00419109
9.57639 0.00406223
9.58333 0.00406222
9.59028 0.00406222
9.59722 0.00407578
9.60417 0.00410969
9.61111 0.00406223
9.61806 0.00406902
9.625 0.0040351
9.63194 0.00408256
9.63889 0.00404866
9.64583 0.00400798
9.65278 0.00400798
9.65972 0.00400798
9.66667 0.00402154
9.67361 0.0040351
9.68056 0.00404866
9.6875 0.00391981
9.69444 0.00395372
9.70139 0.00393335
9.70833 0.00381806
9.71528 0.00381806
9.72222 0.00381806
9.72917 0.00385196
9.73611 0.00378416
9.74306 0.00383165
9.75 0.00381129
9.75694 0.00383163
9.76389 0.00377064
9.77083 0.00402152
9.77778 0.003852
9.78472 0.00373667
9.79167 0.00370956
9.79861 0.00382487
9.80556 0.00378417
9.8125 0.00378417
9.81944 0.00378417
9.82639 0.00376385
9.83333 0.00373669
9.84028 0.00381127
9.84722 0.00381127
9.85417 0.00381127
9.86111 0.00379093
9.86806 0.00379093
9.875 0.00379093
9.88194 0.00383839
9.88889 0.00380449
9.89583 0.00376381
9.90278 0.00366889
9.90972 0.00373668
9.91667 0.00366888
9.92361 0.00329588
9.93056 0.0033637
9.9375 0.00334338
9.94444 0.00335692
9.95139 0.00335693
9.95833 0.00335693
9.96528 0.00335014
9.97222 0.00335014
9.97917 0.003262
9.98611 0.00326199
9.99306 0.00337727
10 0.00330266
10.0069 0.00332303
10.0139 0.00332303
10.0208 0.00332303
10.0278 0.00332303
10.0347 0.00330947
10.0417 0.00329591
10.0486 0.00332303
10.0556 0.00320096
10.0625 0.00320096
10.0694 0.00320096
10.0764 0.0031874
10.0833 0.00324165
10.0903 0.00326877
10.0972 0.00321451
10.1042 0.00321451
10.1111 0.00321451
10.1181 0.00320773
10.125 0.00320095
10.1319 0.00320095
10.1389 0.00320095
10.1458 0.00319417
10.1528 0.00319417
10.1597 0.00319417
10.1667 0.00316704
10.1736 0.00309245
10.1806 0.00309245
10.1875 0.00308567
10.1944 0.00304497
10.2014 0.00300427
10.2083 0.00297716
10.2153 0.0029433
10.2222 0.00293648
10.2292 0.00293648
10.2361 0.00293648
10.2431 0.00291612
10.25 0.00294326
10.2569 0.00281441
10.2639 0.0028551
10.2708 0.00286187
10.2778 0.00286188
10.2847 0.00297717
10.2917 0.00297717
10.2986 0.00297717
10.3056 0.00294326
10.3125 0.00292971
10.3194 0.00292971
10.3264 0.00294327
10.3333 0.0027805
10.3403 0.00273303
10.3472 0.00273302
10.3542 0.00278725
10.3611 0.00274658
10.3681 0.00271945
10.375 0.00271945
10.3819 0.00271945
10.3889 0.00269911
10.3958 0.00268555
10.4028 0.00269234
10.4097 0.0027737
10.4167 0.00269911
10.4236 0.00276693
10.4306 0.00276693
10.4375 0.00276693
10.4444 0.00278725
10.4514 0.00278727
10.4583 0.00277369
10.4653 0.00277369
10.4722 0.00280762
10.4792 0.00279406
10.4861 0.00279405
10.4931 0.00279405
10.5 0.00279405
10.5069 0.00278726
10.5139 0.00279404
10.5208 0.00281441
10.5278 0.00282117
10.5347 0.00283474
10.5417 0.00281441
10.5486 0.00283476
10.5556 0.0028076
10.5625 0.00289573
10.5694 0.00289576
10.5764 0.00287542
10.5833 0.00281439
10.5903 0.0028415
10.5972 0.0028415
10.6042 0.0028415
10.6111 0.00284828
10.6181 0.00279405
10.625 0.00280082
10.6319 0.00289578
10.6389 0.00289578
10.6458 0.00289578
10.6528 0.00285507
10.6597 0.00285507
10.6667 0.00285507
10.6736 0.00286185
10.6806 0.00288898
10.6875 0.0028483
10.6944 0.00285509
10.7014 0.00289578
10.7083 0.0030382
10.7153 0.00301784
10.7222 0.00303819
10.7292 0.00303819
10.7361 0.00305175
10.7431 0.00305175
10.75 0.00305175
10.7569 0.00305175
10.7639 0.00305175
10.7708 0.0030721
10.7778 0.0030721
10.7847 0.0030721
10.7917 0.00297038
10.7986 0.00294326
10.8056 0.00294326
10.8125 0.00294326
10.8194 0.00290257
10.8264 0.00290257
10.8333 0.00290257
10.8403 0.00292969
10.8472 0.00292969
10.8542 0.00292969
10.8611 0.00290257
10.8681 0.00299073
10.875 0.00320095
10.8819 0.00320096
10.8889 0.00324164
10.8958 0.00324164
10.9028 0.00323485
10.9097 0.00322807
10.9167 0.00328234
10.9236 0.00311277
10.9306 0.00323487
10.9375 0.00323487
10.9444 0.00323487
10.9514 0.00317381
10.9583 0.00316705
10.9653 0.00316705
10.9722 0.00316705
10.9792 0.00317383
10.9861 0.00308566
10.9931 0.00305175
11 0.00305175
11.0069 0.00305853
11.0139 0.00303819
11.0208 0.00307888
11.0278 0.00307888
11.0347 0.00307888
11.0417 0.00306532
11.0486 0.00306532
11.0556 0.00306532
11.0625 0.00303141
11.0694 0.00303141
11.0764 0.00302463
11.0833 0.00297716
11.0903 0.00297716
11.0972 0.00297716
11.1042 0.00298394
11.1111 0.0029636
11.1181 0.00305175
11.125 0.00305175
11.1319 0.00305175
11.1389 0.00304497
11.1458 0.0030382
11.1528 0.00310597
11.1597 0.00181746
11.1667 0.00181746
11.1736 0.00181746
11.1806 0.0018378
11.1875 0.00178357
11.1944 0.00178357
11.2014 0.00178357
11.2083 0.00178357
11.2153 0.00297715
11.2222 0.00296359
11.2292 0.00296359
11.2361 0.00296359
11.2431 0.00296359
11.25 0.00292968
11.2569 0.00292968
11.2639 0.00177002
11.2708 0.00177
11.2778 0.00177678
11.2847 0.00174285
11.2917 0.00287539
11.2986 0.00287539
11.3056 0.00287539
11.3125 0.00286183
11.3194 0.00280758
11.3264 0.00167506
11.3333 0.00168859
11.3403 0.00292289
11.3472 0.00292283
11.3542 0.00290248
11.3611 0.00290248
11.3681 0.00290248
11.375 0.00292964
11.3819 0.00292964
11.3889 0.00292964
11.3958 0.00288896
11.4028 0.00293643
11.4097 0.00294323
11.4167 0.00294323
11.4236 0.00294323
11.4306 0.00294324
11.4375 0.00290253
11.4444 0.0029161
11.4514 0.00290253
11.4583 0.00290253
11.4653 0.00290253
11.4722 0.00288897
11.4792 0.00288219
11.4861 0.00288896
11.4931 0.00295677
11.5 0.0023261
11.5069 0.00428601
11.5139 0.00290251
11.5208 0.00288219
11.5278 0.00288219
11.5347 0.00288219
11.5417 0.00287544
11.5486 0.00287544
11.5556 0.00287544
11.5625 0.00282116
11.5694 0.00290251
11.5764 0.00287541
11.5833 0.00285505
11.5903 0.00281436
11.5972 0.00281434
11.6042 0.00276688
11.6111 0.00269233
11.6181 0.00282117
11.625 0.00284153
11.6319 0.00282796
11.6389 0.00286187
11.6458 0.00286864
11.6528 0.00284148
11.6597 0.00282113
11.6667 0.00276013
11.6736 0.00278048
11.6806 0.00277368
11.6875 0.00276012
11.6944 0.0027669
11.7014 0.00274655
11.7083 0.00273298
11.7153 0.00273977
11.7222 0.00272621
11.7292 0.00267195
11.7361 0.00267873
11.7431 0.00271264
11.75 0.00271264
11.7569 0.00271264
11.7639 0.00270586
11.7708 0.00274654
11.7778 0.00274654
11.7847 0.00274654
11.7917 0.00273976
11.7986 0.00273976
11.8056 0.00272622
11.8125 0.00272622
11.8194 0.00272622
11.8264 0.002733
11.8333 0.00276692
11.8403 0.00281439
11.8472 0.00275335
11.8542 0.00276691
11.8611 0.00276691
11.8681 0.00276691
11.875 0.00277369
11.8819 0.00277369
11.8889 0.00277369
11.8958 0.00271944
11.9028 0.00271944
11.9097 0.00271944
11.9167 0.00272622
11.9236 0.00271944
11.9306 0.00268553
11.9375 0.00270588
11.9444 0.00271267
11.9514 0.00271267
11.9583 0.00271267
11.9653 0.00274658
11.9722 0.00276692
11.9792 0.00276692
11.9861 0.00276692
11.9931 0.00276014
12 0.00278726
12.0069 0.00276013
12.0139 0.00274658
12.0208 0.00280082
12.0278 0.00279404
12.0347 0.00279404
12.0417 0.00279404
12.0486 0.00286186
12.0556 0.00286187
12.0625 0.00286187
12.0694 0.00286187
12.0764 0.00286863
12.0833 0.00291611
12.0903 0.00274657
12.0972 0.00271944
12.1042 0.00273301
12.1111 0.00274657
12.1181 0.00279404
12.125 0.00279404
12.1319 0.00279404
12.1389 0.00279404
12.1458 0.00278727
12.1528 0.00280759
12.1597 0.00281439
12.1667 0.00278728
12.1736 0.00245498
12.1806 0.00245498
12.1875 0.00245498
12.1944 0.00247533
12.2014 0.00242785
12.2083 0.00239394
12.2153 0.00239394
12.2222 0.00283473
12.2292 0.00240073
12.2361 0.00240073
12.2431 0.00240073
12.25 0.00238717
12.2569 0.00238717
12.2639 0.00238717
12.2708 0.00258382
12.2778 0.00275336
12.2847 0.00271946
12.2917 0.00265844
12.2986 0.00261774
12.3056 0.00261774
12.3125 0.00261774
12.3194 0.00265163
12.3264 0.00271267
12.3333 0.00265842
12.3403 0.00265163
12.3472 0.00261093
12.3542 0.00257703
12.3611 0.00257703
12.3681 0.00257703
12.375 0.00254991
12.3819 0.0024075
12.3889 0.00238717
12.3958 0.00238716
12.4028 0.00246176
12.4097 0.00242108
12.4167 0.00246855
12.4236 0.00250924
12.4306 0.00252281
12.4375 0.00252281
12.4444 0.00252281
12.4514 0.00252281
12.4583 0.00253637
12.4653 0.00254993
12.4722 0.00254993
12.4792 0.00254993
12.4861 0.00255671
12.4931 0.00249567
12.5 0.00250924
12.5069 0.00250924
12.5139 0.0024889
12.5208 0.00149876
12.5278 0.00149876
12.5347 0.00149876
12.5417 0.0016683
12.5486 0.00231935
12.5556 0.00162762
12.5625 0.00162762
12.5694 0.00162762
12.5764 0.00166154
12.5833 0.00166154
12.5903 0.00166154
12.5972 0.00166154
12.6042 0.00168866
12.6111 0.00165475
12.6181 0.00172254
12.625 0.00170219
12.6319 0.00170219
12.6389 0.00170219
12.6458 0.00169541
12.6528 0.00169543
12.6597 0.00169543
12.6667 0.00169543
12.6736 0.00172256
12.6806 0.00167508
12.6875 0.00168185
12.6944 0.001553
12.7014 0.00158013
12.7083 0.00156657
12.7153 0.00157335
12.7222 0.00157335
12.7292 0.00157335
12.7361 0.00157335
12.7431 0.00156656
12.75 0.00156657
12.7569 0.00154622
12.7639 0.00154622
12.7708 0.00155301
12.7778 0.00156657
12.7847 0.00164794
12.7917 0.00164794
12.7986 0.00166829
12.8056 0.00164118
12.8125 0.00166152
12.8194 0.00160047
12.8264 0.00168187
12.8333 0.00164797
12.8403 0.00166832
12.8472 0.00164119
12.8542 0.0016005
12.8611 0.00156659
12.8681 0.00156659
12.875 0.00156659
12.8819 0.00155981
12.8889 0.00155981
12.8958 0.00155981
12.9028 0.00155302
12.9097 0.00155302
12.9167 0.00155302
12.9236 0.00154624
12.9306 0.00153268
12.9375 0.00152589
12.9444 0.00152591
12.9514 0.00152591
12.9583 0.00152591
12.9653 0.00254314
12.9722 0.00254314
12.9792 0.00254314
12.9861 0.00252279
12.9931 0.00254991
13 0.00263806
13.0069 0.00259059
13.0139 0.00259737
13.0208 0.00259737
13.0278 0.00259737
13.0347 0.00257705
13.0417 0.00161406
13.0486 0.00160049
13.0556 0.00160728
13.0625 0.00160727
13.0694 0.0016005
13.0764 0.00252279
13.0833 0.00223118
13.0903 0.00223796
13.0972 0.00223118
13.1042 0.00252279
13.1111 0.00252957
13.1181 0.00254313
13.125 0.00254313
13.1319 0.00254992
13.1389 0.00254313
13.1458 0.00256347
13.1528 0.00256347
13.1597 0.00256347
13.1667 0.00254312
13.1736 0.00154623
13.1806 0.00153267
13.1875 0.00327555
13.1944 0.00149877
13.2014 0.00154624
13.2083 0.00141061
13.2153 0.00142417
13.2222 0.00143095
13.2292 0.00134954
13.2361 0.00134956
13.2431 0.00130886
13.25 0.00339085
13.2569 0.00343153
13.2639 0.00336373
13.2708 0.00329592
13.2778 0.00349939
13.2847 0.00144454
13.2917 0.00343834
13.2986 0.00343833
13.3056 0.00342477
13.3125 0.00225831
13.3194 0.00229901
13.3264 0.00227187
13.3333 0.00223119
13.3403 0.00220407
13.3472 0.00220407
13.3542 0.00218371
13.3611 0.00216336
13.3681 0.00216336
13.375 0.0021498
13.3819 0.00215658
13.3889 0.00214302
13.3958 0.00214981
13.4028 0.00214981
13.4097 0.00214981
13.4167 0.00217015
13.4236 0.00217693
13.4306 0.00217693
13.4375 0.00217693
13.4444 0.00217693
13.4514 0.00218371
13.4583 0.00218371
13.4653 0.00218371
13.4722 0.00218371
13.4792 0.00216337
13.4861 0.00214302
13.4931 0.00214302
13.5 0.00214302
13.5069 0.00214302
13.5139 0.00214302
13.5208 0.00211589
13.5278 0.0021498
13.5347 0.00217014
13.5417 0.00217014
13.5486 0.00217693
13.5556 0.00217693
13.5625 0.00213624
13.5694 0.00206842
13.5764 0.00208877
13.5833 0.00206842
13.5903 0.00206842
13.5972 0.00206842
13.6042 0.00208198
13.6111 0.00204808
13.6181 0.00205486
13.625 0.00201417
13.6319 0.00202773
13.6389 0.00202773
13.6458 0.00202773
13.6528 0.0019667
13.6597 0.0019667
13.6667 0.0019667
13.6736 0.00202773
13.6806 0.00202095
13.6875 0.00202095
13.6944 0.00188533
13.7014 0.00189889
13.7083 0.00191922
13.7153 0.00198702
13.7222 0.00201415
13.7292 0.00201415
13.7361 0.00201415
13.7431 0.00201415
13.75 0.00200738
13.7569 0.00200738
13.7639 0.00200738
13.7708 0.00201417
13.7778 0.00204129
13.7847 0.00204129
13.7917 0.00204129
13.7986 0.00206164
13.8056 0.00206164
13.8125 0.00206164
13.8194 0.00206164
13.8264 0.00104438
13.8333 0.00103761
13.8403 0.00107827
13.8472 0.00103759
13.8542 0.00103081
13.8611 0.00103081
13.8681 0.00101725
13.875 0.00101725
13.8819 0.00212944
13.8889 0.00112577
13.8958 0.00108509
13.9028 0.00111903
13.9097 0.00114616
13.9167 0.00115295
13.9236 0.00115295
13.9306 0.00115295
13.9375 0.00115295
13.9444 0.00117327
13.9514 0.0017497
13.9583 0.00255676
13.9653 0.00253639
13.9722 0.00257709
13.9792 0.00261096
13.9861 0.00260421
13.9931 0.00261099
14 0.00261099
14.0069 0.00261099
14.0139 0.00191246
14.0208 0.00180401
14.0278 0.00188537
14.0347 0.00188539
14.0417 0.00188539
14.0486 0.00190574
14.0556 0.00189216
14.0625 0.00185147
14.0694 0.00184466
14.0764 0.00181755
14.0833 0.00181753
14.0903 0.00173614
14.0972 0.00179039
14.1042 0.00179039
14.1111 0.00179039
14.1181 0.00196671
14.125 0.00193281
14.1319 0.00193281
14.1389 0.00193281
14.1458 0.00193282
14.1528 0.00210913
14.1597 0.00194638
14.1667 0.00197351
14.1736 0.00202776
14.1806 0.00200741
14.1875 0.00200741
14.1944 0.0020142
14.2014 0.00202775
14.2083 0.00198706
14.2153 0.00198028
14.2222 0.00196672
14.2292 0.00198028
14.2361 0.00198707
14.2431 0.00198707
14.25 0.00198707
14.2569 0.00197351
14.2639 0.00197351
14.2708 0.00200741
14.2778 0.00199385
14.2847 0.00199385
14.2917 0.00199385
14.2986 0.00193959
14.3056 0.00195993
14.3125 0.00195993
14.3194 0.00195993
14.3264 0.00197349
14.3333 0.00198028
14.3403 0.00200062
14.3472 0.00178361
14.3542 0.00177004
14.3611 0.00174291
14.3681 0.00190567
14.375 0.00181753
14.3819 0.00189887
14.3889 0.00189887
14.3958 0.00189887
14.4028 0.00195992
14.4097 0.00200739
14.4167 0.00200739
14.4236 0.00200739
14.4306 0.00202096
14.4375 0.00192602
14.4444 0.0018989
14.4514 0.0018989
14.4583 0.00189212
14.4653 0.00191246
14.4722 0.00192602
14.4792 0.00192602
14.4861 0.0019328
14.4931 0.00189211
14.5 0.00190567
14.5069 0.00187177
14.5139 0.00185142
14.5208 0.00183787
14.5278 0.00183787
14.5347 0.00184465
14.5417 0.00189213
14.5486 0.00169547
14.5556 0.00170902
14.5625 0.00170223
14.5694 0.00187178
14.5764 0.00187177
14.5833 0.00187857
14.5903 0.00188534
14.5972 0.0018582
14.6042 0.0018989
14.6111 0.00194635
14.6181 0.00194635
14.625 0.00194635
14.6319 0.00194635
14.6389 0.00193279
14.6458 0.00189889
14.6528 0.00187854
14.6597 0.00190568
14.6667 0.00177006
14.6736 0.00178361
14.6806 0.00174291
14.6875 0.00177682
14.6944 0.00172936
14.7014 0.00172936
14.7083 0.00173614
14.7153 0.00173614
14.7222 0.00173614
14.7292 0.0017158
14.7361 0.00174292
14.7431 0.0017497
14.75 0.00174292
14.7569 0.00177003
14.7639 0.00175648
14.7708 0.000779922
14.7778 0.000779914
14.7847 0.000739236
14.7917 0.000746038
14.7986 0.000739256
14.8056 0.000739256
14.8125 0.000732474
14.8194 0.000725689
14.8264 0.000773135
14.8333 0.000766363
14.8403 0.00264488
14.8472 0.00265844
14.8542 0.00262453
14.8611 0.00267878
14.8681 0.000834188
14.875 0.000827395
14.8819 0.000827386
14.8889 0.000807058
14.8958 0.000807044
14.9028 0.000834189
14.9097 0.000834189
14.9167 0.000834189
14.9236 0.000834189
14.9306 0.00161406
14.9375 0.00161406
14.9444 0.00161406
14.9514 0.00161406
14.9583 0.00161406
14.9653 0.00161406
14.9722 0.00161406
14.9792 0.000834183
14.9861 0.000813839
14.9931 0.000813839
15 0.000813839
15.0069 0.000807055
15.0139 0.00130209
15.0208 0.00130209
15.0278 0.00130209
15.0347 0.00130887
15.0417 0.00132243
15.0486 0.00132243
15.0556 0.00132243
15.0625 0.00134956
15.0694 0.00134956
15.0764 0.00134957
15.0833 0.00134957
15.0903 0.00134279
15.0972 0.00134279
15.1042 0.001336
15.1111 0.00135634
15.1181 0.00137669
15.125 0.00139025
15.1319 0.00139025
15.1389 0.00142415
15.1458 0.00137668
15.1528 0.00136313
15.1597 0.0013699
15.1667 0.00139704
15.1736 0.00137669
15.1806 0.00136313
15.1875 0.00139026
15.1944 0.00138348
15.2014 0.00138348
15.2083 0.00138348
15.2153 0.00138348
15.2222 0.00140384
15.2292 0.00140384
15.2361 0.00141737
15.2431 0.00142416
15.25 0.00138348
15.2569 0.00140383
15.2639 0.0014106
15.2708 0.00140381
15.2778 0.00137671
15.2847 0.00138349
15.2917 0.00139027
15.2986 0.00137669
15.3056 0.00138349
15.3125 0.00132923
15.3194 0.00132245
15.3264 0.00130213
15.3333 0.00132923
15.3403 0.0013428
15.3472 0.0014106
15.3542 0.00140382
15.3611 0.00139025
15.3681 0.00141063
15.375 0.00137671
15.3819 0.00132922
15.3889 0.00131568
15.3958 0.00130888
15.4028 0.00130888
15.4097 0.0013021
15.4167 0.00129534
15.4236 0.00131566
15.4306 0.0013496
15.4375 0.00170904
15.4444 0.00169547
15.4514 0.00130215
15.4583 0.0012818
15.4653 0.00127502
15.4722 0.00125464
15.4792 0.00123431
15.4861 0.00122753
15.4931 0.00122753
15.5 0.00122753
15.5069 0.00123432
15.5139 0.00122075
15.5208 0.00122075
15.5278 0.00122075
15.5347 0.00122075
15.5417 0.00124109
15.5486 0.00121396
15.5556 0.0012004
15.5625 0.0012004
15.5694 0.0012004
15.5764 0.00115971
15.5833 0.00115971
15.5903 0.00115971
15.5972 0.00115971
15.6042 0.0011665
15.6111 0.0012004
15.6181 0.00120719
15.625 0.0012072
15.6319 0.00119363
15.6389 0.00170901
15.6458 0.00170224
15.6528 0.00170224
15.6597 0.00170224
15.6667 0.00170902
15.6736 0.0017158
15.6806 0.0016887
15.6875 0.00170227
15.6944 0.00170227
15.7014 0.00170227
15.7083 0.00164123
15.7153 0.00168871
15.7222 0.00167515
15.7292 0.00167514
15.7361 0.00169547
15.7431 0.00117327
15.75 0.00116649
15.7569 0.00116649
15.7639 0.00116649
15.7708 0.00115293
15.7778 0.00115293
15.7847 0.00118684
15.7917 0.00118684
15.7986 0.00120718
15.8056 0.00122753
15.8125 0.00124109
15.8194 0.00124109
15.8264 0.00121396
15.8333 0.0012343
15.8403 0.0012343
15.8472 0.0012343
15.8542 0.00122075
15.8611 0.00120717
15.8681 0.00121396
15.875 0.00122074
15.8819 0.00122074
15.8889 0.00122074
15.8958 0.00122074
15.9028 0.00122074
15.9097 0.00120718
15.9167 0.00120717
15.9236 0.0012343
15.9306 0.00121396
15.9375 0.00121396
15.9444 0.00121396
15.9514 0.00120039
15.9583 0.00119361
15.9653 0.000610399
15.9722 0.00062397
15.9792 0.00059686
15.9861 0.00059686
15.9931 0.00059686
16 0.000617202
16.0069 0.000617203
16.0139 0.000610423
16.0208 0.000610423
16.0278 0.000610423
16.0347 0.000637526
16.0417 0.000644311
16.0486 0.000630743
16.0556 0.000644321
16.0625 0.000644317
16.0694 0.000657881
16.0764 0.000657881
16.0833 0.000657881
16.0903 0.000684991
16.0972 0.000691793
16.1042 0.000691793
16.1111 0.000691793
16.1181 0.000691793
16.125 0.000657888
16.1319 0.000651106
16.1389 0.000637547
16.1458 0.000590097
16.1528 0.00061722
16.1597 0.000617227
16.1667 0.000576521
16.1736 0.000583301
16.1806 0.000583301
16.1875 0.000583301
16.1944 0.000583301
16.2014 0.000420539
16.2083 0.00227192
16.2153 0.00227192
16.2222 0.00223123
16.2292 0.00223123
16.2361 0.00223123
16.2431 0.00223123
16.25 0.00224478
16.2569 0.000352711
16.2639 0.000318851
16.2708 0.000339163
16.2778 0.000332381
16.2847 0.000345945
16.2917 0.000345942
16.2986 0.000298458
16.3056 0.000271369
16.3125 0.000325636
16.3194 0.000352777
16.3264 0.000366338
16.3333 0.000352801
16.3403 0.000346008
16.3472 0.000332395
16.3542 0.000332395
16.3611 0.000332395
16.3681 0.000352742
16.375 0.000366273
16.3819 0.00033236
16.3889 0.00212269
16.3958 0.00207525
16.4028 0.00205486
16.4097 0.00231933
16.4167 0.000644305
16.4236 0.00063075
16.4306 0.000637511
16.4375 0.000637511
16.4444 0.000637511
16.4514 0.000624006
16.4583 0.00244828
16.4653 0.0023669
16.4722 0.00242789
16.4792 0.00248218
16.4861 0.00253642
16.4931 0.00264491
16.5 0.00263811
16.5069 0.00268557
16.5139 0.00247532
16.5208 0.000759603
16.5278 0.000739299
16.5347 0.000732521
16.5417 0.000786775
16.5486 0.00068502
16.5556 0.00065114
16.5625 0.000691796
16.5694 0.000488379
16.5764 0.000427327
16.5833 0.000420569
16.5903 0.000427351
16.5972 0.000413784
16.6042 0.000339204
16.6111 0.00032564
16.6181 0.000332441
16.625 0.000332441
16.6319 0.000312069
16.6389 0.000339189
16.6458 0.0011733
16.6528 0.0017497
16.6597 0.00181074
16.6667 0.0013089
16.6736 0.0012682
16.6806 0.00121396
16.6875 0.000461207
16.6944 0.000406953
16.7014 0.000373017
16.7083 0.00037304
16.7153 0.000345962
16.7222 0.00109871
16.7292 0.00103756
16.7361 0.00101721
16.7431 0.00104441
16.75 0.00105124
16.7569 0.00105802
16.7639 0.00103762
16.7708 0.00102406
16.7778 0.00103765
16.7847 0.00103084
16.7917 0.000996938
16.7986 0.00102407
16.8056 0.00101051
16.8125 0.00101046
16.8194 0.00109183
16.8264 0.00093589
16.8333 0.000990106
16.8403 0.000956209
16.8472 0.00092908
16.8542 0.000847694
16.8611 0.00115968
16.8681 0.00113929
16.875 0.00107828
16.8819 0.00105796
16.8889 0.000298437
16.8958 0.00102407
16.9028 0.000990155
16.9097 0.00108511
16.9167 0.000522196
16.9236 0.000807082
16.9306 0.000854552
16.9375 0.000827396
16.9444 0.000813815
16.9514 0.00223117
16.9583 -1.34782e-05
16.9653 -4.05849e-05
16.9722 -2.70548e-05
16.9792 -2.02711e-05
16.9861 9.40236e-09
16.9931 3.3991e-05
17 0.000434128
