--stream .\stream-rmse-greedy-optimal-fine-to-coarse-miranda-viscosity.txt
--subsampling-factor 4
--dataset C:\Users\pavol\OneDrive\resolution-precision-test-data\miranda-viscosity-384x384-float64.json
--quantity rmse
--transform cdf53
--nlevels 3
--bits-quantize 16
--group-size 16 16 1

Bytes Errors 2448
0.00694444 12.9425
0.0138889 13.7576
0.0208333 14.4524
0.0277778 15.0957
0.0347222 16.2527
0.0416667 17.2603
0.0486111 18.3022
0.0555556 19.7485
0.0625 21.3829
0.0694444 22.2133
0.0763889 23.1286
0.0833333 23.3331
0.0902778 23.7268
0.0972222 24.0099
0.104167 24.2395
0.111111 24.6624
0.118056 24.8696
0.125 25.0776
0.131944 25.2574
0.138889 25.4644
0.145833 25.824
0.152778 25.9577
0.159722 26.1057
0.166667 26.3348
0.173611 26.4368
0.180556 26.838
0.1875 26.9894
0.194444 27.335
0.201389 27.579
0.208333 27.7589
0.215278 28.026
0.222222 28.1819
0.229167 28.3186
0.236111 28.5863
0.243056 28.7865
0.25 29.269
0.256944 29.6102
0.263889 29.9495
0.270833 30.3057
0.277778 30.6448
0.284722 31.003
0.291667 31.3871
0.298611 31.6567
0.305556 31.7454
0.3125 31.8374
0.319444 31.8766
0.326389 31.945
0.333333 32.0841
0.340278 32.2174
0.347222 32.4065
0.354167 32.4505
0.361111 32.6307
0.368056 32.677
0.375 32.8233
0.381944 32.8668
0.388889 33.01
0.395833 33.1642
0.402778 33.2586
0.409722 33.3579
0.416667 33.5391
0.423611 33.7418
0.430556 33.9355
0.4375 33.9929
0.444444 34.1508
0.451389 34.2043
0.458333 34.3673
0.465278 34.4508
0.472222 34.5433
0.479167 34.5904
0.486111 34.6297
0.493056 34.6778
0.5 34.7333
0.506944 34.7689
0.513889 34.7797
0.520833 34.8194
0.527778 34.8706
0.534722 34.952
0.541667 34.9524
0.548611 35.0266
0.555556 35.072
0.5625 35.1236
0.569444 35.1529
0.576389 35.1894
0.583333 35.225
0.590278 35.2667
0.597222 35.2997
0.604167 35.3535
0.611111 35.4096
0.618056 35.5451
0.625 35.5451
0.631944 35.5909
0.638889 35.6449
0.645833 35.706
0.652778 35.7137
0.659722 35.7419
0.666667 35.7987
0.673611 35.8028
0.680556 35.8313
0.6875 35.9275
0.694444 35.9368
0.701389 35.9825
0.708333 36.0408
0.715278 36.0408
0.722222 36.1093
0.729167 36.1156
0.736111 36.1436
0.743056 36.1936
0.75 36.2036
0.756944 36.2878
0.763889 36.3147
0.770833 36.4196
0.777778 36.4196
0.784722 36.5286
0.791667 36.5326
0.798611 36.5841
0.805556 36.6464
0.8125 36.728
0.819444 36.7501
0.826389 36.8459
0.833333 36.8602
0.840278 36.9668
0.847222 37.0217
0.854167 37.0355
0.861111 37.1427
0.868056 37.2532
0.875 37.2794
0.881944 37.3139
0.888889 37.3263
0.895833 37.3801
0.902778 37.4178
0.909722 37.4458
0.916667 37.5299
0.923611 37.6576
0.930556 37.6576
0.9375 37.7591
0.944444 37.8506
0.951389 37.8671
0.958333 38.0098
0.965278 38.0708
0.972222 38.1279
0.979167 38.1594
0.986111 38.2571
0.993056 38.3844
1 38.5122
1.00694 38.5122
1.01389 38.6019
1.02083 38.7379
1.02778 38.8056
1.03472 38.8445
1.04167 38.8752
1.04861 39.0107
1.05556 39.0443
1.0625 39.0791
1.06944 39.1401
1.07639 39.3
1.08333 39.3406
1.09028 39.408
1.09722 39.408
1.10417 39.4757
1.11111 39.4786
1.11806 39.585
1.125 39.5783
1.13194 39.6458
1.13889 39.6913
1.14583 39.8393
1.15278 39.8731
1.15972 39.9623
1.16667 40.0274
1.17361 40.0278
1.18056 40.1747
1.1875 40.1747
1.19444 40.2231
1.20139 40.2235
1.20833 40.3232
1.21528 40.319
1.22222 40.4171
1.22917 40.4134
1.23611 40.5264
1.24306 40.5264
1.25 40.6147
1.25694 40.6491
1.26389 40.7001
1.27083 40.8138
1.27778 40.8138
1.28472 40.882
1.29167 40.8797
1.29861 41.0033
1.30556 41.0033
1.3125 41.0749
1.31944 41.0779
1.32639 41.1087
1.33333 41.1961
1.34028 41.2782
1.34722 41.2782
1.35417 41.3413
1.36111 41.3413
1.36806 41.3847
1.375 41.3758
1.38194 41.4688
1.38889 41.5583
1.39583 41.6508
1.40278 41.7413
1.40972 41.8389
1.41667 41.9336
1.42361 41.9819
1.43056 42.0329
1.4375 42.1357
1.44444 42.2361
1.45139 42.333
1.45833 42.431
1.46528 42.5244
1.47222 42.5998
1.47917 42.5986
1.48611 42.6942
1.49306 42.7513
1.5 42.7795
1.50694 42.8955
1.51389 43.0044
1.52083 43.1125
1.52778 43.2233
1.53472 43.331
1.54167 43.4417
1.54861 43.56
1.55556 43.6788
1.5625 43.794
1.56944 43.9098
1.57639 44.0233
1.58333 44.1314
1.59028 44.1588
1.59722 44.1909
1.60417 44.2038
1.61111 44.3093
1.61806 44.3093
1.625 44.3335
1.63194 44.3702
1.63889 44.3969
1.64583 44.4299
1.65278 44.4299
1.65972 44.4348
1.66667 44.4294
1.67361 44.4496
1.68056 44.4679
1.6875 44.4858
1.69444 44.4965
1.70139 44.4965
1.70833 44.5118
1.71528 44.5118
1.72222 44.5465
1.72917 44.5378
1.73611 44.556
1.74306 44.5676
1.75 44.5676
1.75694 44.5895
1.76389 44.5895
1.77083 44.5992
1.77778 44.5992
1.78472 44.6068
1.79167 44.625
1.79861 44.6666
1.80556 44.6666
1.8125 44.6987
1.81944 44.6959
1.82639 44.7104
1.83333 44.7397
1.84028 44.7397
1.84722 44.7566
1.85417 44.7785
1.86111 44.8241
1.86806 44.8241
1.875 44.8411
1.88194 44.8492
1.88889 44.9046
1.89583 44.9587
1.90278 44.973
1.90972 44.9976
1.91667 44.9976
1.92361 45.0255
1.93056 45.0394
1.9375 45.0531
1.94444 45.1057
1.95139 45.1627
1.95833 45.204
1.96528 45.1956
1.97222 45.2506
1.97917 45.2506
1.98611 45.2879
1.99306 45.3423
2 45.3979
2.00694 45.4558
2.01389 45.4694
2.02083 45.4952
2.02778 45.5499
2.03472 45.5635
2.04167 45.5662
2.04861 45.6191
2.05556 45.6741
2.0625 45.6741
2.06944 45.7055
2.07639 45.7545
2.08333 45.7545
2.09028 45.7724
2.09722 45.7724
2.10417 45.7803
2.11111 45.7803
2.11806 45.7963
2.125 45.7898
2.13194 45.8032
2.13889 45.8027
2.14583 45.8561
2.15278 45.8695
2.15972 45.8686
2.16667 45.9086
2.17361 45.9086
2.18056 45.9439
2.1875 45.9708
2.19444 45.9668
2.20139 46.0197
2.20833 46.0331
2.21528 46.0344
2.22222 46.0636
2.22917 46.0585
2.23611 46.0726
2.24306 46.0999
2.25 46.1565
2.25694 46.1778
2.26389 46.1767
2.27083 46.2263
2.27778 46.2825
2.28472 46.2976
2.29167 46.3113
2.29861 46.3673
2.30556 46.4221
2.3125 46.4221
2.31944 46.436
2.32639 46.4773
2.33333 46.4773
2.34028 46.5035
2.34722 46.5583
2.35417 46.614
2.36111 46.6445
2.36806 46.6445
2.375 46.6664
2.38194 46.7054
2.38889 46.7054
2.39583 46.7211
2.40278 46.7612
2.40972 46.7612
2.41667 46.7721
2.42361 46.7721
2.43056 46.7832
2.4375 46.7832
2.44444 46.7884
2.45139 46.787
2.45833 46.8182
2.46528 46.8182
2.47222 46.8475
2.47917 46.8603
2.48611 46.8525
2.49306 46.8649
2.5 46.8694
2.50694 46.8818
2.51389 46.8782
2.52083 46.9026
2.52778 46.9026
2.53472 46.9087
2.54167 46.9087
2.54861 46.9396
2.55556 46.9396
2.5625 46.948
2.56944 46.9583
2.57639 46.9641
2.58333 46.9755
2.59028 46.977
2.59722 46.9995
2.60417 46.9973
2.61111 47.0153
2.61806 47.0174
2.625 47.0391
2.63194 47.0391
2.63889 47.048
2.64583 47.0392
2.65278 47.0503
2.65972 47.062
2.66667 47.062
2.67361 47.0631
2.68056 47.0631
2.6875 47.0916
2.69444 47.0916
2.70139 47.1029
2.70833 47.1029
2.71528 47.1214
2.72222 47.1214
2.72917 47.1386
2.73611 47.1332
2.74306 47.1702
2.75 47.192
2.75694 47.192
2.76389 47.2115
2.77083 47.2061
2.77778 47.2266
2.78472 47.2337
2.79167 47.2471
2.79861 47.2418
2.80556 47.2733
2.8125 47.2733
2.81944 47.2778
2.82639 47.2778
2.83333 47.2908
2.84028 47.2908
2.84722 47.3015
2.85417 47.3015
2.86111 47.3073
2.86806 47.3436
2.875 47.3436
2.88194 47.3504
2.88889 47.361
2.89583 47.3746
2.90278 47.386
2.90972 47.3824
2.91667 47.4205
2.92361 47.464
2.93056 47.4817
2.9375 47.4817
2.94444 47.4861
2.95139 47.487
2.95833 47.4954
2.96528 47.5057
2.97222 47.5057
2.97917 47.5184
2.98611 47.5287
2.99306 47.5332
3 47.5435
3.00694 47.5458
3.01389 47.5665
3.02083 47.565
3.02778 47.5807
3.03472 47.5807
3.04167 47.5856
3.04861 47.5856
3.05556 47.5911
3.0625 47.5911
3.06944 47.6013
3.07639 47.5961
3.08333 47.6063
3.09028 47.6011
3.09722 47.611
3.10417 47.614
3.11111 47.6243
3.11806 47.6181
3.125 47.631
3.13194 47.6425
3.13889 47.6628
3.14583 47.6628
3.15278 47.6894
3.15972 47.6894
3.16667 47.7178
3.17361 47.728
3.18056 47.7333
3.1875 47.7434
3.19444 47.7392
3.20139 47.7795
3.20833 47.8086
3.21528 47.8086
3.22222 47.8122
3.22917 47.8122
3.23611 47.8424
3.24306 47.8627
3.25 47.8564
3.25694 47.8824
3.26389 47.8824
3.27083 47.8947
3.27778 47.9048
3.28472 47.9096
3.29167 47.9191
3.29861 47.9191
3.30556 47.927
3.3125 47.927
3.31944 47.9393
3.32639 47.938
3.33333 47.9681
3.34028 47.9681
3.34722 47.9736
3.35417 47.9847
3.36111 47.9947
3.36806 47.9947
3.375 47.9953
3.38194 48.0352
3.38889 48.045
3.39583 48.0424
3.40278 48.0524
3.40972 48.0466
3.41667 48.0765
3.42361 48.0765
3.43056 48.0859
3.4375 48.0859
3.44444 48.1124
3.45139 48.1236
3.45833 48.1254
3.46528 48.1523
3.47222 48.1523
3.47917 48.1746
3.48611 48.1941
3.49306 48.1941
3.5 48.1999
3.50694 48.1999
3.51389 48.2161
3.52083 48.2161
3.52778 48.2263
3.53472 48.2376
3.54167 48.2351
3.54861 48.2666
3.55556 48.2666
3.5625 48.2908
3.56944 48.2908
3.57639 48.2893
3.58333 48.2991
3.59028 48.309
3.59722 48.3192
3.60417 48.3179
3.61111 48.3497
3.61806 48.3497
3.625 48.362
3.63194 48.3817
3.63889 48.3817
3.64583 48.4011
3.65278 48.405
3.65972 48.4177
3.66667 48.4177
3.67361 48.4441
3.68056 48.4441
3.6875 48.4534
3.69444 48.4506
3.70139 48.4606
3.70833 48.4585
3.71528 48.5016
3.72222 48.5315
3.72917 48.5315
3.73611 48.5492
3.74306 48.5591
3.75 48.5669
3.75694 48.5769
3.76389 48.5829
3.77083 48.6129
3.77778 48.6129
3.78472 48.6316
3.79167 48.6418
3.79861 48.6415
3.80556 48.6755
3.8125 48.6965
3.81944 48.6939
3.82639 48.715
3.83333 48.715
3.84028 48.7433
3.84722 48.7433
3.85417 48.7455
3.86111 48.7555
3.86806 48.7652
3.875 48.8036
3.88194 48.8036
3.88889 48.803
3.89583 48.8406
3.90278 48.8406
3.90972 48.8491
3.91667 48.8687
3.92361 48.8687
3.93056 48.877
3.9375 48.877
3.94444 48.8869
3.95139 48.8968
3.95833 48.8942
3.96528 48.9042
3.97222 48.8981
3.97917 48.9233
3.98611 48.9233
3.99306 48.9336
4 48.9336
4.00694 48.9338
4.01389 48.9443
4.02083 48.9421
4.02778 48.9716
4.03472 48.9716
4.04167 48.9694
4.04861 49.0094
4.05556 49.0193
4.0625 49.0165
4.06944 49.0606
4.07639 49.0994
4.08333 49.1282
4.09028 49.1282
4.09722 49.1566
4.10417 49.1566
4.11111 49.1632
4.11806 49.1632
4.125 49.1717
4.13194 49.1815
4.13889 49.1785
4.14583 49.2079
4.15278 49.2079
4.15972 49.2209
4.16667 49.2209
4.17361 49.2271
4.18056 49.2464
4.1875 49.2464
4.19444 49.2622
4.20139 49.2622
4.20833 49.2721
4.21528 49.2721
4.22222 49.2779
4.22917 49.2976
4.23611 49.2976
4.24306 49.3221
4.25 49.3221
4.25694 49.3298
4.26389 49.3298
4.27083 49.3529
4.27778 49.3627
4.28472 49.358
4.29167 49.3818
4.29861 49.3818
4.30556 49.3961
4.3125 49.4356
4.31944 49.4453
4.32639 49.4415
4.33333 49.4534
4.34028 49.4463
4.34722 49.4563
4.35417 49.4543
4.36111 49.4844
4.36806 49.4844
4.375 49.4821
4.38194 49.5221
4.38889 49.5221
4.39583 49.5485
4.40278 49.5877
4.40972 49.6025
4.41667 49.6025
4.42361 49.6076
4.43056 49.6245
4.4375 49.623
4.44444 49.6566
4.45139 49.6767
4.45833 49.6767
4.46528 49.6835
4.47222 49.6835
4.47917 49.7069
4.48611 49.7462
4.49306 49.7563
4.5 49.755
4.50694 49.7749
4.51389 49.7749
4.52083 49.7961
4.52778 49.8363
4.53472 49.8767
4.54167 49.8767
4.54861 49.8919
4.55556 49.8919
4.5625 49.9004
4.56944 49.9004
4.57639 49.9032
4.58333 49.933
4.59028 49.933
4.59722 49.9411
4.60417 49.9411
4.61111 49.9517
4.61806 49.9517
4.625 49.9619
4.63194 49.9721
4.63889 49.9716
4.64583 49.992
4.65278 49.992
4.65972 50.0151
4.66667 50.0524
4.67361 50.0626
4.68056 50.0642
4.6875 50.1061
4.69444 50.1484
4.70139 50.1484
4.70833 50.1574
4.71528 50.1574
4.72222 50.1541
4.72917 50.194
4.73611 50.194
4.74306 50.1919
4.75 50.2336
4.75694 50.2442
4.76389 50.2402
4.77083 50.2507
4.77778 50.2452
4.78472 50.2557
4.79167 50.2486
4.79861 50.2591
4.80556 50.2537
4.8125 50.2957
4.81944 50.2957
4.82639 50.2943
4.83333 50.3362
4.84028 50.3362
4.84722 50.3422
4.85417 50.3422
4.86111 50.3437
4.86806 50.3862
4.875 50.405
4.88194 50.405
4.88889 50.4254
4.89583 50.4254
4.90278 50.4336
4.90972 50.4552
4.91667 50.4552
4.92361 50.4736
4.93056 50.4736
4.9375 50.4882
4.94444 50.5089
4.95139 50.5089
4.95833 50.5394
4.96528 50.5394
4.97222 50.5781
4.97917 50.5888
4.98611 50.5831
4.99306 50.6046
5 50.6046
5.00694 50.6386
5.01389 50.6833
5.02083 50.7256
5.02778 50.7256
5.03472 50.7251
5.04167 50.7693
5.04861 50.8095
5.05556 50.8547
5.0625 50.8547
5.06944 50.8757
5.07639 50.8968
5.08333 50.8968
5.09028 50.9279
5.09722 50.9721
5.10417 50.9721
5.11111 50.9746
5.11806 51.0189
5.125 51.0472
5.13194 51.0472
5.13889 51.0597
5.14583 51.1066
5.15278 51.1174
5.15972 51.1152
5.16667 51.133
5.17361 51.133
5.18056 51.1559
5.1875 51.1756
5.19444 51.1756
5.20139 51.2079
5.20833 51.2304
5.21528 51.2304
5.22222 51.2631
5.22917 51.2631
5.23611 51.2813
5.24306 51.2918
5.25 51.3031
5.25694 51.3489
5.26389 51.3602
5.27083 51.3673
5.27778 51.3787
5.28472 51.3756
5.29167 51.4188
5.29861 51.464
5.30556 51.464
5.3125 51.4589
5.31944 51.4702
5.32639 51.4688
5.33333 51.4941
5.34028 51.4941
5.34722 51.5054
5.35417 51.5054
5.36111 51.5234
5.36806 51.5346
5.375 51.532
5.38194 51.5592
5.38889 51.5592
5.39583 51.5665
5.40278 51.6128
5.40972 51.6574
5.41667 51.6574
5.42361 51.6574
5.43056 51.6983
5.4375 51.7096
5.44444 51.7096
5.45139 51.7411
5.45833 51.7629
5.46528 51.7565
5.47222 51.781
5.47917 51.781
5.48611 51.8132
5.49306 51.8367
5.5 51.8367
5.50694 51.8479
5.51389 51.8479
5.52083 51.8633
5.52778 51.8741
5.53472 51.8741
5.54167 51.8866
5.54861 51.8866
5.55556 51.9119
5.5625 51.9119
5.56944 51.9119
5.57639 51.9231
5.58333 51.9142
5.59028 51.9256
5.59722 51.9265
5.60417 51.9386
5.61111 51.9386
5.61806 51.9466
5.625 51.9429
5.63194 51.9707
5.63889 51.9707
5.64583 51.9772
5.65278 51.9772
5.65972 51.9882
5.66667 51.9882
5.67361 52.0173
5.68056 52.0624
5.6875 52.0793
5.69444 52.0796
5.70139 52.1025
5.70833 52.1025
5.71528 52.1162
5.72222 52.1162
5.72917 52.125
5.73611 52.125
5.74306 52.1438
5.75 52.1438
5.75694 52.1437
5.76389 52.1551
5.77083 52.1564
5.77778 52.1844
5.78472 52.1844
5.79167 52.1996
5.79861 52.2454
5.80556 52.2685
5.8125 52.2685
5.81944 52.2971
5.82639 52.2971
5.83333 52.3013
5.84028 52.3248
5.84722 52.3248
5.85417 52.335
5.86111 52.335
5.86806 52.3601
5.875 52.3601
5.88194 52.37
5.88889 52.4043
5.89583 52.4043
5.90278 52.4162
5.90972 52.4162
5.91667 52.4195
5.92361 52.4312
5.93056 52.4312
5.9375 52.4388
5.94444 52.44
5.95139 52.4569
5.95833 52.4608
5.96528 52.472
5.97222 52.4645
5.97917 52.4869
5.98611 52.4869
5.99306 52.5078
6 52.5453
6.00694 52.5453
6.01389 52.5471
6.02083 52.5579
6.02778 52.5524
6.03472 52.5785
6.04167 52.5785
6.04861 52.5943
6.05556 52.5943
6.0625 52.6149
6.06944 52.6337
6.07639 52.6337
6.08333 52.6414
6.09028 52.6414
6.09722 52.6516
6.10417 52.6933
6.11111 52.7346
6.11806 52.7556
6.125 52.7556
6.13194 52.7817
6.13889 52.8024
6.14583 52.7994
6.15278 52.8197
6.15972 52.8197
6.16667 52.8413
6.17361 52.8413
6.18056 52.843
6.1875 52.884
6.19444 52.9043
6.20139 52.9043
6.20833 52.9264
6.21528 52.9264
6.22222 52.9383
6.22917 52.9585
6.23611 52.9585
6.24306 52.9717
6.25 52.9717
6.25694 52.9877
6.26389 53.0282
6.27083 53.0282
6.27778 53.0246
6.28472 53.0557
6.29167 53.0557
6.29861 53.0642
6.30556 53.0946
6.3125 53.0946
6.31944 53.1196
6.32639 53.1196
6.33333 53.1177
6.34028 53.1579
6.34722 53.1978
6.35417 53.208
6.36111 53.208
6.36806 53.2392
6.375 53.2807
6.38194 53.3121
6.38889 53.3121
6.39583 53.322
6.40278 53.3528
6.40972 53.3528
6.41667 53.3657
6.42361 53.3758
6.43056 53.3768
6.4375 53.4183
6.44444 53.4589
6.45139 53.4999
6.45833 53.5412
6.46528 53.5513
6.47222 53.5513
6.47917 53.5761
6.48611 53.5761
6.49306 53.5795
6.5 53.62
6.50694 53.6603
6.51389 53.6603
6.52083 53.6633
6.52778 53.7037
6.53472 53.7439
6.54167 53.7848
6.54861 53.8257
6.55556 53.8257
6.5625 53.8272
6.56944 53.8272
6.57639 53.8324
6.58333 53.8734
6.59028 53.9144
6.59722 53.9558
6.60417 53.9558
6.61111 53.9653
6.61806 54.0064
6.625 54.048
6.63194 54.0895
6.63889 54.133
6.64583 54.1749
6.65278 54.1749
6.65972 54.1844
6.66667 54.2266
6.67361 54.2266
6.68056 54.2244
6.6875 54.2347
6.69444 54.2486
6.70139 54.2916
6.70833 54.3339
6.71528 54.3767
6.72222 54.4192
6.72917 54.4596
6.73611 54.481
6.74306 54.481
6.75 54.5148
6.75694 54.558
6.76389 54.558
6.77083 54.5557
6.77778 54.6043
6.78472 54.6485
6.79167 54.6923
6.79861 54.7366
6.80556 54.781
6.8125 54.8256
6.81944 54.8598
6.82639 54.8598
6.83333 54.8884
6.84028 54.9338
6.84722 54.9809
6.85417 55.0266
6.86111 55.0381
6.86806 55.03
6.875 55.0752
6.88194 55.1219
6.88889 55.168
6.89583 55.2147
6.90278 55.2383
6.90972 55.2383
6.91667 55.2452
6.92361 55.2452
6.93056 55.2783
6.9375 55.3252
6.94444 55.372
6.95139 55.4108
6.95833 55.4108
6.96528 55.429
6.97222 55.4604
6.97917 55.5078
6.98611 55.5558
6.99306 55.5692
7 55.5692
7.00694 55.6174
7.01389 55.6646
7.02083 55.7121
7.02778 55.7475
7.03472 55.7475
7.04167 55.7834
7.04861 55.8196
7.05556 55.8196
7.0625 55.8434
7.06944 55.8921
7.07639 55.938
7.08333 55.986
7.09028 56.0343
7.09722 56.0835
7.10417 56.1335
7.11111 56.1799
7.11806 56.2281
7.125 56.2799
7.13194 56.3159
7.13889 56.3159
7.14583 56.3265
7.15278 56.3265
7.15972 56.3233
7.16667 56.3355
7.17361 56.3355
7.18056 56.365
7.1875 56.4141
7.19444 56.4634
7.20139 56.4634
7.20833 56.4635
7.21528 56.5013
7.22222 56.5013
7.22917 56.5177
7.23611 56.5302
7.24306 56.5302
7.25 56.5719
7.25694 56.6089
7.26389 56.6089
7.27083 56.6396
7.27778 56.69
7.28472 56.7403
7.29167 56.791
7.29861 56.8419
7.30556 56.8675
7.3125 56.8675
7.31944 56.8844
7.32639 56.9364
7.33333 56.99
7.34028 57.0416
7.34722 57.0548
7.35417 57.0548
7.36111 57.0773
7.36806 57.0773
7.375 57.0776
7.38194 57.1306
7.38889 57.1573
7.39583 57.1573
7.40278 57.1929
7.40972 57.2474
7.41667 57.3012
7.42361 57.3287
7.43056 57.3287
7.4375 57.3499
7.44444 57.3756
7.45139 57.3756
7.45833 57.3971
7.46528 57.453
7.47222 57.453
7.47917 57.454
7.48611 57.5085
7.49306 57.5644
7.5 57.6204
7.50694 57.6768
7.51389 57.7332
7.52083 57.7332
7.52778 57.738
7.53472 57.7949
7.54167 57.8518
7.54861 57.8961
7.55556 57.8961
7.5625 57.8919
7.56944 57.9524
7.57639 58.0108
7.58333 58.0661
7.59028 58.1239
7.59722 58.1835
7.60417 58.2392
7.61111 58.2966
7.61806 58.3556
7.625 58.4139
7.63194 58.4711
7.63889 58.5316
7.64583 58.5772
7.65278 58.5772
7.65972 58.6107
7.66667 58.6674
7.67361 58.7275
7.68056 58.7855
7.6875 58.8419
7.69444 58.8966
7.70139 58.9247
7.70833 58.9247
7.71528 58.9422
7.72222 58.9961
7.72917 59.0465
7.73611 59.0949
7.74306 59.1391
7.75 59.1829
7.75694 59.2269
7.76389 59.2705
7.77083 59.3134
7.77778 59.3566
7.78472 59.4003
7.79167 59.4438
7.79861 59.4873
7.80556 59.5311
7.8125 59.5753
7.81944 59.6192
7.82639 59.6636
7.83333 59.7084
7.84028 59.7534
7.84722 59.7974
7.85417 59.8424
7.86111 59.8877
7.86806 59.9332
7.875 59.9786
7.88194 60.0246
7.88889 60.0706
7.89583 60.1171
7.90278 60.1636
7.90972 60.2106
7.91667 60.2586
7.92361 60.306
7.93056 60.3537
7.9375 60.4021
7.94444 60.4508
7.95139 60.4995
7.95833 60.549
7.96528 60.5986
7.97222 60.6483
7.97917 60.6993
7.98611 60.75
7.99306 60.8006
8 60.8514
8.00694 60.9037
8.01389 60.9556
8.02083 61.0075
8.02778 61.0594
8.03472 61.1121
8.04167 61.1649
8.04861 61.2181
8.05556 61.2717
8.0625 61.3258
8.06944 61.38
8.07639 61.4347
8.08333 61.49
8.09028 61.5465
8.09722 61.6023
8.10417 61.6584
8.11111 61.7148
8.11806 61.7714
8.125 61.8285
8.13194 61.8859
8.13889 61.9444
8.14583 62.0027
8.15278 62.062
8.15972 62.1211
8.16667 62.1803
8.17361 62.24
8.18056 62.3006
8.1875 62.3606
8.19444 62.4211
8.20139 62.4794
8.20833 62.5382
8.21528 62.5382
8.22222 62.5361
8.22917 62.5912
8.23611 62.6504
8.24306 62.7086
8.25 62.768
8.25694 62.8253
8.26389 62.8831
8.27083 62.9403
8.27778 62.9983
8.28472 63.0553
8.29167 63.1107
8.29861 63.1708
8.30556 63.2291
8.3125 63.2885
8.31944 63.3465
8.32639 63.4062
8.33333 63.4647
8.34028 63.5247
8.34722 63.5835
8.35417 63.642
8.36111 63.7007
8.36806 63.7607
8.375 63.8211
8.38194 63.8803
8.38889 63.9448
8.39583 64.0058
8.40278 64.0668
8.40972 64.1276
8.41667 64.1862
8.42361 64.2482
8.43056 64.3117
8.4375 64.3745
8.44444 64.4388
8.45139 64.5018
8.45833 64.566
8.46528 64.6301
8.47222 64.6945
8.47917 64.7503
8.48611 64.8099
8.49306 64.8683
8.5 64.9156
8.50694 64.9578
8.51389 64.9981
8.52083 65.0384
8.52778 65.0787
8.53472 65.1187
8.54167 65.1589
8.54861 65.199
8.55556 65.2392
8.5625 65.2799
8.56944 65.3211
8.57639 65.3621
8.58333 65.4027
8.59028 65.4444
8.59722 65.4858
8.60417 65.5272
8.61111 65.5684
8.61806 65.6098
8.625 65.6512
8.63194 65.6933
8.63889 65.7359
8.64583 65.7783
8.65278 65.821
8.65972 65.8639
8.66667 65.9075
8.67361 65.9511
8.68056 65.9949
8.6875 66.0389
8.69444 66.0829
8.70139 66.1275
8.70833 66.1722
8.71528 66.2172
8.72222 66.2627
8.72917 66.309
8.73611 66.3544
8.74306 66.4003
8.75 66.4471
8.75694 66.4936
8.76389 66.541
8.77083 66.5892
8.77778 66.6374
8.78472 66.6853
8.79167 66.7333
8.79861 66.7818
8.80556 66.8309
8.8125 66.8805
8.81944 66.9315
8.82639 66.982
8.83333 67.0328
8.84028 67.0846
8.84722 67.1359
8.85417 67.188
8.86111 67.2404
8.86806 67.2928
8.875 67.3457
8.88194 67.3992
8.88889 67.4528
8.89583 67.5068
8.90278 67.5615
8.90972 67.6167
8.91667 67.6727
8.92361 67.7283
8.93056 67.7852
8.9375 67.8418
8.94444 67.899
8.95139 67.9566
8.95833 68.0137
8.96528 68.0712
8.97222 68.1295
8.97917 68.1868
8.98611 68.2447
8.99306 68.3026
9 68.3611
9.00694 68.4161
9.01389 68.47
9.02083 68.5251
9.02778 68.5838
9.03472 68.6411
9.04167 68.6977
9.04861 68.7552
9.05556 68.8106
9.0625 68.8663
9.06944 68.9211
9.07639 68.9769
9.08333 69.035
9.09028 69.0925
9.09722 69.1507
9.10417 69.2073
9.11111 69.266
9.11806 69.3231
9.125 69.3816
9.13194 69.4392
9.13889 69.4965
9.14583 69.5545
9.15278 69.614
9.15972 69.6724
9.16667 69.7298
9.17361 69.7883
9.18056 69.8483
9.1875 69.9071
9.19444 69.9213
9.20139 69.9213
9.20833 69.9602
9.21528 70.0184
9.22222 70.0797
9.22917 70.1349
9.23611 70.1915
9.24306 70.2442
9.25 70.2723
9.25694 70.2723
9.26389 70.2655
9.27083 70.3185
9.27778 70.3697
9.28472 70.3697
9.29167 70.3697
9.29861 70.3911
9.30556 70.4346
9.3125 70.4738
9.31944 70.5123
9.32639 70.5508
9.33333 70.5886
9.34028 70.6263
9.34722 70.6638
9.35417 70.7014
9.36111 70.7391
9.36806 70.7769
9.375 70.8149
9.38194 70.8531
9.38889 70.8914
9.39583 70.9295
9.40278 70.9681
9.40972 71.0071
9.41667 71.0465
9.42361 71.0779
9.43056 71.1175
9.4375 71.1569
9.44444 71.1963
9.45139 71.236
9.45833 71.2756
9.46528 71.315
9.47222 71.3554
9.47917 71.3959
9.48611 71.437
9.49306 71.4782
9.5 71.5199
9.50694 71.5616
9.51389 71.5935
9.52083 71.5935
9.52778 71.5894
9.53472 71.6335
9.54167 71.6758
9.54861 71.7183
9.55556 71.7617
9.5625 71.805
9.56944 71.8483
9.57639 71.8907
9.58333 71.934
9.59028 71.9781
9.59722 72.0223
9.60417 72.067
9.61111 72.1118
9.61806 72.1569
9.625 72.2021
9.63194 72.2486
9.63889 72.2946
9.64583 72.3412
9.65278 72.3879
9.65972 72.435
9.66667 72.4825
9.67361 72.5306
9.68056 72.5788
9.6875 72.6272
9.69444 72.6756
9.70139 72.7263
9.70833 72.7636
9.71528 72.7636
9.72222 72.7594
9.72917 72.8117
9.73611 72.8622
9.74306 72.9133
9.75 72.9646
9.75694 73.0165
9.76389 73.0686
9.77083 73.1203
9.77778 73.1724
9.78472 73.1988
9.79167 73.1988
9.79861 73.1924
9.80556 73.2451
9.8125 73.2972
9.81944 73.3489
9.82639 73.4016
9.83333 73.4547
9.84028 73.5079
9.84722 73.5631
9.85417 73.6157
9.86111 73.6157
9.86806 73.6157
9.875 73.6303
9.88194 73.6555
9.88889 73.6555
9.89583 73.6483
9.90278 73.6986
9.90972 73.7469
9.91667 73.7959
9.92361 73.808
9.93056 73.808
9.9375 73.8318
9.94444 73.8558
9.95139 73.8558
9.95833 73.8477
9.96528 73.887
9.97222 73.887
9.97917 73.887
9.98611 73.8892
9.99306 73.8892
10 73.8878
10.0069 73.9342
10.0139 73.9805
10.0208 74.0274
10.0278 74.0753
10.0347 74.087
10.0417 74.087
10.0486 74.0909
10.0556 74.1249
10.0625 74.1249
10.0694 74.1249
10.0764 74.1488
10.0833 74.1939
10.0903 74.2398
10.0972 74.284
10.1042 74.284
10.1111 74.284
10.1181 74.2906
10.125 74.3358
10.1319 74.3803
10.1389 74.3919
10.1458 74.3919
10.1528 74.3981
10.1597 74.4293
10.1667 74.4746
10.1736 74.5211
10.1806 74.5523
10.1875 74.5523
10.1944 74.5523
10.2014 74.582
10.2083 74.582
10.2153 74.582
10.2222 74.5928
10.2292 74.6232
10.2361 74.6657
10.2431 74.699
10.25 74.7434
10.2569 74.7887
10.2639 74.8208
10.2708 74.8646
10.2778 74.9103
10.2847 74.9545
10.2917 74.9983
10.2986 75.0323
10.3056 75.0767
10.3125 75.12
10.3194 75.1312
10.3264 75.1312
10.3333 75.1515
10.3403 75.1748
10.3472 75.2148
10.3542 75.2581
10.3611 75.3043
10.3681 75.3486
10.375 75.3593
10.3819 75.3593
10.3889 75.3596
10.3958 75.4045
10.4028 75.4489
10.4097 75.4601
10.4167 75.4601
10.4236 75.4615
10.4306 75.472
10.4375 75.472
10.4444 75.4845
10.4514 75.5096
10.4583 75.5096
10.4653 75.5096
10.4722 75.5252
10.4792 75.5252
10.4861 75.5252
10.4931 75.5361
10.5 75.5361
10.5069 75.5361
10.5139 75.5432
10.5208 75.5432
10.5278 75.5432
10.5347 75.5507
10.5417 75.5507
10.5486 75.5386
10.5556 75.5792
10.5625 75.5893
10.5694 75.5893
10.5764 75.5815
10.5833 75.5999
10.5903 75.5999
10.5972 75.5925
10.6042 75.6183
10.6111 75.6359
10.6181 75.6359
10.625 75.6359
10.6319 75.6426
10.6389 75.6426
10.6458 75.6334
10.6528 75.6493
10.6597 75.6493
10.6667 75.6493
10.6736 75.6531
10.6806 75.6531
10.6875 75.6531
10.6944 75.6732
10.7014 75.6816
10.7083 75.6816
10.7153 75.6752
10.7222 75.6836
10.7292 75.6836
10.7361 75.6848
10.7431 75.701
10.75 75.701
10.7569 75.701
10.7639 75.7126
10.7708 75.7126
10.7778 75.7126
10.7847 75.7196
10.7917 75.7275
10.7986 75.7275
10.8056 75.7413
10.8125 75.7653
10.8194 75.7965
10.8264 75.812
10.8333 75.812
10.8403 75.8272
10.8472 75.858
10.8542 75.8888
10.8611 75.8964
10.8681 75.8964
10.875 75.8963
10.8819 75.9277
10.8889 75.943
10.8958 75.943
10.9028 75.9385
10.9097 75.9728
10.9167 76.0034
10.9236 76.034
10.9306 76.034
10.9375 76.034
10.9444 76.0317
10.9514 76.0627
10.9583 76.0931
10.9653 76.124
10.9722 76.1316
10.9792 76.1316
10.9861 76.1275
10.9931 76.1429
11 76.1429
11.0069 76.1408
11.0139 76.1594
11.0208 76.1594
11.0278 76.1594
11.0347 76.1675
11.0417 76.1971
11.0486 76.227
11.0556 76.227
11.0625 76.227
11.0694 76.2285
11.0764 76.2361
11.0833 76.2361
11.0903 76.2419
11.0972 76.2715
11.1042 76.3023
11.1111 76.3336
11.1181 76.365
11.125 76.3961
11.1319 76.427
11.1389 76.4585
11.1458 76.4819
11.1528 76.4819
11.1597 76.4819
11.1667 76.4912
11.1736 76.5226
11.1806 76.5548
11.1875 76.5783
11.1944 76.5783
11.2014 76.5783
11.2083 76.5995
11.2153 76.6313
11.2222 76.6393
11.2292 76.6393
11.2361 76.6352
11.2431 76.6615
11.25 76.6934
11.2569 76.7255
11.2639 76.7573
11.2708 76.791
11.2778 76.8234
11.2847 76.8561
11.2917 76.8561
11.2986 76.8561
11.3056 76.8579
11.3125 76.8909
11.3194 76.9238
11.3264 76.9571
11.3333 76.9904
11.3403 76.9988
11.3472 76.9988
11.3542 76.9951
11.3611 77.0199
11.3681 77.0199
11.375 77.0199
11.3819 77.0302
11.3889 77.0643
11.3958 77.098
11.4028 77.1319
11.4097 77.1489
11.4167 77.1489
11.4236 77.1433
11.4306 77.1795
11.4375 77.2137
11.4444 77.2478
11.4514 77.265
11.4583 77.265
11.4653 77.265
11.4722 77.2798
11.4792 77.3144
11.4861 77.3496
11.4931 77.3846
11.5 77.4197
11.5069 77.4286
11.5139 77.4286
11.5208 77.4242
11.5278 77.4602
11.5347 77.4954
11.5417 77.5311
11.5486 77.5676
11.5556 77.6037
11.5625 77.6398
11.5694 77.6678
11.5764 77.6678
11.5833 77.6791
11.5903 77.716
11.5972 77.7527
11.6042 77.7894
11.6111 77.7894
11.6181 77.7894
11.625 77.8035
11.6319 77.841
11.6389 77.841
11.6458 77.841
11.6528 77.8476
11.6597 77.8849
11.6667 77.9219
11.6736 77.9596
11.6806 77.9976
11.6875 78.0373
11.6944 78.0756
11.7014 78.114
11.7083 78.1236
11.7153 78.1236
11.7222 78.1207
11.7292 78.1564
11.7361 78.1951
11.7431 78.2335
11.75 78.2524
11.7569 78.2524
11.7639 78.2529
11.7708 78.2869
11.7778 78.3257
11.7847 78.3645
11.7917 78.4036
11.7986 78.4232
11.8056 78.4232
11.8125 78.4232
11.8194 78.4387
11.8264 78.4572
11.8333 78.4572
11.8403 78.4572
11.8472 78.4886
11.8542 78.5282
11.8611 78.5673
11.8681 78.6069
11.875 78.6167
11.8819 78.6167
11.8889 78.6102
11.8958 78.638
11.9028 78.638
11.9097 78.638
11.9167 78.6557
11.9236 78.6952
11.9306 78.7354
11.9375 78.7447
11.9444 78.7447
11.9514 78.7381
11.9583 78.7777
11.9653 78.8119
11.9722 78.8533
11.9792 78.8741
11.9861 78.8741
11.9931 78.8741
12 78.9041
12.0069 78.9438
12.0139 78.9835
12.0208 79.0233
12.0278 79.059
12.0347 79.078
12.0417 79.078
12.0486 79.078
12.0556 79.083
12.0625 79.083
12.0694 79.083
12.0764 79.112
12.0833 79.1522
12.0903 79.1726
12.0972 79.1726
12.1042 79.1647
12.1111 79.2028
12.1181 79.2432
12.125 79.2824
12.1319 79.3217
12.1389 79.3316
12.1458 79.3316
12.1528 79.3296
12.1597 79.3443
12.1667 79.3443
12.1736 79.3443
12.1806 79.3751
12.1875 79.4156
12.1944 79.4257
12.2014 79.4257
12.2083 79.4176
12.2153 79.4562
12.2222 79.4953
12.2292 79.5347
12.2361 79.5347
12.2431 79.5347
12.25 79.5437
12.2569 79.5437
12.2639 79.5437
12.2708 79.5419
12.2778 79.5829
12.2847 79.6228
12.2917 79.6228
12.2986 79.6228
12.3056 79.6308
12.3125 79.649
12.3194 79.649
12.3264 79.649
12.3333 79.6711
12.3403 79.6913
12.3472 79.6913
12.3542 79.6913
12.3611 79.7134
12.3681 79.7134
12.375 79.7134
12.3819 79.7306
12.3889 79.7707
12.3958 79.7909
12.4028 79.7909
12.4097 79.7909
12.4167 79.8128
12.4236 79.8487
12.4306 79.892
12.4375 79.9331
12.4444 79.9736
12.4514 79.9955
12.4583 79.9955
12.4653 79.9884
12.4722 80.0271
12.4792 80.069
12.4861 80.111
12.4931 80.1314
12.5 80.1314
12.5069 80.1314
12.5139 80.1432
12.5208 80.1432
12.5278 80.1432
12.5347 80.1515
12.5417 80.1515
12.5486 80.1515
12.5556 80.152
12.5625 80.1748
12.5694 80.1748
12.5764 80.1748
12.5833 80.1929
12.5903 80.2253
12.5972 80.2253
12.6042 80.2253
12.6111 80.2323
12.6181 80.2323
12.625 80.2323
12.6319 80.2534
12.6389 80.2651
12.6458 80.2651
12.6528 80.2651
12.6597 80.2814
12.6667 80.2814
12.6736 80.2814
12.6806 80.2897
12.6875 80.3291
12.6944 80.3598
12.7014 80.3598
12.7083 80.3598
12.7153 80.3693
12.7222 80.3693
12.7292 80.3693
12.7361 80.3679
12.7431 80.397
12.75 80.397
12.7569 80.397
12.7639 80.415
12.7708 80.415
12.7778 80.415
12.7847 80.4226
12.7917 80.4226
12.7986 80.4226
12.8056 80.4234
12.8125 80.4331
12.8194 80.4331
12.8264 80.4272
12.8333 80.4573
12.8403 80.4573
12.8472 80.4573
12.8542 80.4683
12.8611 80.4683
12.8681 80.4683
12.875 80.4626
12.8819 80.4904
12.8889 80.4904
12.8958 80.4904
12.9028 80.496
12.9097 80.496
12.9167 80.496
12.9236 80.4917
12.9306 80.5306
12.9375 80.5416
12.9444 80.5416
12.9514 80.5353
12.9583 80.5671
12.9653 80.5759
12.9722 80.5759
12.9792 80.5725
12.9861 80.6009
12.9931 80.6009
13 80.6009
13.0069 80.6022
13.0139 80.6315
13.0208 80.6315
13.0278 80.6315
13.0347 80.6502
13.0417 80.6847
13.0486 80.6935
13.0556 80.6935
13.0625 80.6928
13.0694 80.7068
13.0764 80.7068
13.0833 80.7068
13.0903 80.7206
13.0972 80.7206
13.1042 80.7206
13.1111 80.7213
13.1181 80.753
13.125 80.753
13.1319 80.753
13.1389 80.7604
13.1458 80.7934
13.1528 80.8015
13.1597 80.8015
13.1667 80.8123
13.1736 80.8445
13.1806 80.8445
13.1875 80.8445
13.1944 80.8408
13.2014 80.8747
13.2083 80.8747
13.2153 80.8747
13.2222 80.8774
13.2292 80.9091
13.2361 80.9383
13.2431 80.9684
13.25 80.9978
13.2569 81.0124
13.2639 81.0124
13.2708 81.0124
13.2778 81.0232
13.2847 81.0522
13.2917 81.0808
13.2986 81.0956
13.3056 81.0956
13.3125 81.0956
13.3194 81.1122
13.3264 81.1417
13.3333 81.149
13.3403 81.149
13.3472 81.1464
13.3542 81.1712
13.3611 81.2008
13.3681 81.2008
13.375 81.2008
13.3819 81.1969
13.3889 81.2284
13.3958 81.2358
13.4028 81.2358
13.4097 81.2358
13.4167 81.2528
13.4236 81.2825
13.4306 81.3124
13.4375 81.3429
13.4444 81.3726
13.4514 81.4029
13.4583 81.4331
13.4653 81.4481
13.4722 81.4481
13.4792 81.4481
13.4861 81.4619
13.4931 81.492
13.5 81.4995
13.5069 81.4995
13.5139 81.4997
13.5208 81.5185
13.5278 81.5497
13.5347 81.58
13.5417 81.6103
13.5486 81.6407
13.5556 81.6716
13.5625 81.7023
13.5694 81.7331
13.5764 81.7641
13.5833 81.7718
13.5903 81.7718
13.5972 81.7718
13.6042 81.797
13.6111 81.8283
13.6181 81.8595
13.625 81.8909
13.6319 81.9223
13.6389 81.9539
13.6458 81.9857
13.6528 81.9857
13.6597 81.9857
13.6667 81.9845
13.6736 82.0162
13.6806 82.0482
13.6875 82.0802
13.6944 82.1117
13.7014 82.1441
13.7083 82.1768
13.7153 82.1849
13.7222 82.1849
13.7292 82.1849
13.7361 82.2059
13.7431 82.239
13.75 82.272
13.7569 82.3053
13.7639 82.3217
13.7708 82.3217
13.7778 82.3217
13.7847 82.3465
13.7917 82.3793
13.7986 82.4125
13.8056 82.4461
13.8125 82.4796
13.8194 82.5127
13.8264 82.5473
13.8333 82.5816
13.8403 82.6166
13.8472 82.652
13.8542 82.6867
13.8611 82.7216
13.8681 82.755
13.875 82.7897
13.8819 82.825
13.8889 82.8614
13.8958 82.8969
13.9028 82.933
13.9097 82.9686
13.9167 83.0044
13.9236 83.0407
13.9306 83.0772
13.9375 83.0862
13.9444 83.0862
13.9514 83.0862
13.9583 83.1131
13.9653 83.1504
13.9722 83.1873
13.9792 83.225
13.9861 83.2561
13.9931 83.2935
14 83.3313
14.0069 83.3696
14.0139 83.3884
14.0208 83.3884
14.0278 83.3884
14.0347 83.4041
14.0417 83.4426
14.0486 83.4809
14.0556 83.5199
14.0625 83.5589
14.0694 83.5982
14.0764 83.6378
14.0833 83.6743
14.0903 83.7138
14.0972 83.7138
14.1042 83.7138
14.1111 83.7171
14.1181 83.757
14.125 83.787
14.1319 83.787
14.1389 83.787
14.1458 83.7948
14.1528 83.8348
14.1597 83.8728
14.1667 83.8927
14.1736 83.8927
14.1806 83.8927
14.1875 83.909
14.1944 83.9496
14.2014 83.994
14.2083 84.0354
14.2153 84.0763
14.2222 84.0763
14.2292 84.0763
14.2361 84.0744
14.2431 84.115
14.25 84.1561
14.2569 84.19
14.2639 84.2002
14.2708 84.2002
14.2778 84.2002
14.2847 84.2264
14.2917 84.2423
14.2986 84.2423
14.3056 84.2423
14.3125 84.2559
14.3194 84.2931
14.3264 84.3335
14.3333 84.3335
14.3403 84.3335
14.3472 84.3293
14.3542 84.369
14.3611 84.4091
14.3681 84.4491
14.375 84.4849
14.3819 84.5045
14.3889 84.5045
14.3958 84.5045
14.4028 84.5138
14.4097 84.5493
14.4167 84.567
14.4236 84.567
14.4306 84.567
14.4375 84.5706
14.4444 84.5706
14.4514 84.5706
14.4583 84.5663
14.4653 84.606
14.4722 84.6465
14.4792 84.6556
14.4861 84.6556
14.4931 84.6556
14.5 84.6763
14.5069 84.7196
14.5139 84.7572
14.5208 84.7793
14.5278 84.7793
14.5347 84.7793
14.5417 84.7926
14.5486 84.831
14.5556 84.866
14.5625 84.9045
14.5694 84.9335
14.5764 84.9335
14.5833 84.9335
14.5903 84.9356
14.5972 84.9547
14.6042 84.9547
14.6111 84.9547
14.6181 84.9747
14.625 85.0151
14.6319 85.0526
14.6389 85.0892
14.6458 85.1257
14.6528 85.1257
14.6597 85.1257
14.6667 85.1233
14.6736 85.1509
14.6806 85.1763
14.6875 85.1763
14.6944 85.1763
14.7014 85.1766
14.7083 85.2124
14.7153 85.2476
14.7222 85.2822
14.7292 85.3159
14.7361 85.3499
14.7431 85.3829
14.75 85.4141
14.7569 85.4464
14.7639 85.4758
14.7708 85.5052
14.7778 85.5203
14.7847 85.5203
14.7917 85.5203
14.7986 85.5367
14.8056 85.5673
14.8125 85.597
14.8194 85.6305
14.8264 85.6604
14.8333 85.6751
14.8403 85.6751
14.8472 85.6751
14.8542 85.6828
14.8611 85.7106
14.8681 85.74
14.875 85.77
14.8819 85.7998
14.8889 85.8302
14.8958 85.8591
14.9028 85.8895
14.9097 85.9196
14.9167 85.9495
14.9236 85.9794
14.9306 86.0088
14.9375 86.039
14.9444 86.0694
14.9514 86.1001
14.9583 86.13
14.9653 86.159
14.9722 86.1889
14.9792 86.1963
14.9861 86.1963
14.9931 86.1963
15 86.208
15.0069 86.2377
15.0139 86.2672
15.0208 86.2964
15.0278 86.3261
15.0347 86.3556
15.0417 86.3853
15.0486 86.4148
15.0556 86.4442
15.0625 86.4709
15.0694 86.5006
15.0764 86.5304
15.0833 86.5597
15.0903 86.5893
15.0972 86.6184
15.1042 86.6474
15.1111 86.6767
15.1181 86.7057
15.125 86.7341
15.1319 86.7645
15.1389 86.7921
15.1458 86.8162
15.1528 86.8231
15.1597 86.8231
15.1667 86.8231
15.1736 86.8317
15.1806 86.859
15.1875 86.886
15.1944 86.8995
15.2014 86.9252
15.2083 86.9507
15.2153 86.9751
15.2222 86.9955
15.2292 87.0197
15.2361 87.0448
15.2431 87.0684
15.25 87.0888
15.2569 87.1113
15.2639 87.1323
15.2708 87.1547
15.2778 87.1771
15.2847 87.1994
15.2917 87.2218
15.2986 87.2442
15.3056 87.2669
15.3125 87.2896
15.3194 87.3096
15.3264 87.3317
15.3333 87.3518
15.3403 87.3743
15.3472 87.3961
15.3542 87.4069
15.3611 87.4069
15.3681 87.4069
15.375 87.4086
15.3819 87.4307
15.3889 87.4496
15.3958 87.4718
15.4028 87.4929
15.4097 87.5146
15.4167 87.5349
15.4236 87.5567
15.4306 87.5788
15.4375 87.6021
15.4444 87.6245
15.4514 87.6467
15.4583 87.6688
15.4653 87.6912
15.4722 87.713
15.4792 87.7356
15.4861 87.7575
15.4931 87.7791
15.5 87.8011
15.5069 87.8234
15.5139 87.8452
15.5208 87.8674
15.5278 87.8881
15.5347 87.9109
15.5417 87.9324
15.5486 87.9547
15.5556 87.9765
15.5625 87.9972
15.5694 88.0192
15.5764 88.0418
15.5833 88.0642
15.5903 88.0847
15.5972 88.1067
15.6042 88.1288
15.6111 88.1516
15.6181 88.1739
15.625 88.1967
15.6319 88.219
15.6389 88.2412
15.6458 88.2638
15.6528 88.2833
15.6597 88.305
15.6667 88.328
15.6736 88.3508
15.6806 88.3719
15.6875 88.3947
15.6944 88.4179
15.7014 88.4405
15.7083 88.4626
15.7153 88.4843
15.7222 88.5066
15.7292 88.5289
15.7361 88.5523
15.7431 88.5743
15.75 88.5959
15.7569 88.6173
15.7639 88.6385
15.7708 88.6614
15.7778 88.6839
15.7847 88.7047
15.7917 88.727
15.7986 88.75
15.8056 88.7717
15.8125 88.7951
15.8194 88.8164
15.8264 88.8377
15.8333 88.8583
15.8403 88.8809
15.8472 88.9027
15.8542 88.9245
15.8611 88.9469
15.8681 88.9672
15.875 88.9879
15.8819 89.0072
15.8889 89.0275
15.8958 89.0479
15.9028 89.0683
15.9097 89.0875
15.9167 89.1062
15.9236 89.125
15.9306 89.1423
15.9375 89.1598
15.9444 89.1767
15.9514 89.1934
15.9583 89.2095
15.9653 89.2255
15.9722 89.2413
15.9792 89.2572
15.9861 89.273
15.9931 89.289
16 89.3045
16.0069 89.3198
16.0139 89.3353
16.0208 89.3506
16.0278 89.3659
16.0347 89.3813
16.0417 89.3966
16.0486 89.412
16.0556 89.4271
16.0625 89.4424
16.0694 89.4576
16.0764 89.4729
16.0833 89.4882
16.0903 89.5031
16.0972 89.518
16.1042 89.5331
16.1111 89.5478
16.1181 89.5629
16.125 89.5777
16.1319 89.5926
16.1389 89.6074
16.1458 89.6224
16.1528 89.6373
16.1597 89.6524
16.1667 89.6675
16.1736 89.6823
16.1806 89.6974
16.1875 89.7125
16.1944 89.7276
16.2014 89.7427
16.2083 89.7579
16.2153 89.7733
16.2222 89.7883
16.2292 89.8034
16.2361 89.8182
16.2431 89.8331
16.25 89.8482
16.2569 89.8634
16.2639 89.879
16.2708 89.8942
16.2778 89.9092
16.2847 89.9243
16.2917 89.9394
16.2986 89.9546
16.3056 89.9699
16.3125 89.985
16.3194 90.0001
16.3264 90.0154
16.3333 90.0305
16.3403 90.0457
16.3472 90.0609
16.3542 90.076
16.3611 90.0913
16.3681 90.1065
16.375 90.1213
16.3819 90.1366
16.3889 90.1516
16.3958 90.1664
16.4028 90.1814
16.4097 90.1964
16.4167 90.2116
16.4236 90.227
16.4306 90.242
16.4375 90.2572
16.4444 90.2725
16.4514 90.2878
16.4583 90.3028
16.4653 90.3178
16.4722 90.3329
16.4792 90.3481
16.4861 90.3632
16.4931 90.3781
16.5 90.3929
16.5069 90.4076
16.5139 90.4225
16.5208 90.4375
16.5278 90.4523
16.5347 90.467
16.5417 90.482
16.5486 90.497
16.5556 90.512
16.5625 90.5267
16.5694 90.5413
16.5764 90.5558
16.5833 90.5703
16.5903 90.5844
16.5972 90.5992
16.6042 90.613
16.6111 90.6273
16.6181 90.6399
16.625 90.6519
16.6319 90.6649
16.6389 90.6782
16.6458 90.6916
16.6528 90.7044
16.6597 90.7168
16.6667 90.7297
16.6736 90.7412
16.6806 90.7515
16.6875 90.7628
16.6944 90.7746
16.7014 90.7844
16.7083 90.7952
16.7153 90.8059
16.7222 90.8171
16.7292 90.8292
16.7361 90.8393
16.7431 90.8498
16.75 90.8602
16.7569 90.8686
16.7639 90.8765
16.7708 90.8845
16.7778 90.8922
16.7847 90.8998
16.7917 90.9074
16.7986 90.9149
16.8056 90.9224
16.8125 90.9297
16.8194 90.9369
16.8264 90.9442
16.8333 90.9513
16.8403 90.9584
16.8472 90.9655
16.8542 90.9725
16.8611 90.9794
16.8681 90.9865
16.875 90.9934
16.8819 91.0004
16.8889 91.0072
16.8958 91.0139
16.9028 91.0206
16.9097 91.0274
16.9167 91.0339
16.9236 91.0405
16.9306 91.0471
16.9375 91.0539
16.9444 91.0604
16.9514 91.0669
16.9583 91.0733
16.9653 91.0795
16.9722 91.0856
16.9792 91.0917
16.9861 91.0976
16.9931 91.1034
17 91.1087
