--stream .\stream-rmse-greedy-optimal-miranda-viscosity.txt
--subsampling-factor 4
--dataset C:\Users\pavol\OneDrive\resolution-precision-test-data\miranda-viscosity-384x384-float64.json
--quantity rmse
--transform cdf53
--nlevels 3
--bits-quantize 16
--group-size 16 16 1

Bytes Errors 2448
0.00694444 12.9705
0.0138889 13.4147
0.0208333 13.8102
0.0277778 14.4402
0.0347222 15.4938
0.0416667 16.4715
0.0486111 17.3283
0.0555556 19.7175
0.0625 21.3829
0.0694444 22.2429
0.0763889 23.1286
0.0833333 23.3345
0.0902778 23.618
0.0972222 23.8667
0.104167 23.953
0.111111 24.1523
0.118056 24.4062
0.125 24.4706
0.131944 24.7912
0.138889 25.0123
0.145833 25.2845
0.152778 25.3682
0.159722 25.4717
0.166667 25.7811
0.173611 25.9287
0.180556 26.3849
0.1875 26.8391
0.194444 26.9611
0.201389 27.3791
0.208333 27.6154
0.215278 28.0814
0.222222 28.304
0.229167 28.5339
0.236111 28.8131
0.243056 29.115
0.25 29.2497
0.256944 29.5547
0.263889 29.8876
0.270833 30.1628
0.277778 30.1867
0.284722 30.5285
0.291667 30.9325
0.298611 31.3141
0.305556 31.6453
0.3125 31.6833
0.319444 31.9147
0.326389 31.965
0.333333 32.0346
0.340278 32.0828
0.347222 32.1588
0.354167 32.2796
0.361111 32.4276
0.368056 32.4631
0.375 32.4773
0.381944 32.5188
0.388889 32.6273
0.395833 32.7451
0.402778 32.7576
0.409722 32.7732
0.416667 32.9086
0.423611 32.9312
0.430556 33.0852
0.4375 33.1168
0.444444 33.2088
0.451389 33.2745
0.458333 33.4797
0.465278 33.6674
0.472222 33.8404
0.479167 34.0231
0.486111 34.2244
0.493056 34.3099
0.5 34.3741
0.506944 34.4233
0.513889 34.5373
0.520833 34.5779
0.527778 34.7679
0.534722 34.7874
0.541667 34.8169
0.548611 34.8762
0.555556 34.908
0.5625 34.908
0.569444 34.9746
0.576389 35.0213
0.583333 35.0226
0.590278 35.0748
0.597222 35.1186
0.604167 35.1224
0.611111 35.2303
0.618056 35.2595
0.625 35.2595
0.631944 35.2874
0.638889 35.4501
0.645833 35.4501
0.652778 35.4857
0.659722 35.5124
0.666667 35.5314
0.673611 35.5876
0.680556 35.633
0.6875 35.6333
0.694444 35.6997
0.701389 35.7558
0.708333 35.7558
0.715278 35.8177
0.722222 35.8196
0.729167 35.9208
0.736111 35.9208
0.743056 35.9451
0.75 35.9798
0.756944 35.9829
0.763889 35.9995
0.770833 36.0247
0.777778 36.0285
0.784722 36.0685
0.791667 36.1639
0.798611 36.1639
0.805556 36.2174
0.8125 36.2334
0.819444 36.2554
0.826389 36.2863
0.833333 36.308
0.840278 36.3486
0.847222 36.3675
0.854167 36.4338
0.861111 36.4338
0.868056 36.4549
0.875 36.4909
0.881944 36.4909
0.888889 36.5479
0.895833 36.5598
0.902778 36.5598
0.909722 36.6024
0.916667 36.6234
0.923611 36.6208
0.930556 36.6278
0.9375 36.6905
0.944444 36.7197
0.951389 36.777
0.958333 36.9002
0.965278 36.9563
0.972222 36.9868
0.979167 37.0147
0.986111 37.0698
0.993056 37.1125
1 37.1298
1.00694 37.2507
1.01389 37.3557
1.02083 37.441
1.02778 37.4607
1.03472 37.5347
1.04167 37.5315
1.04861 37.637
1.05556 37.7247
1.0625 37.7273
1.06944 37.8086
1.07639 37.8948
1.08333 38.0446
1.09028 38.1731
1.09722 38.3112
1.10417 38.4524
1.11111 38.5778
1.11806 38.6736
1.125 38.671
1.13194 38.7957
1.13889 38.8584
1.14583 38.8932
1.15278 39.0497
1.15972 39.0497
1.16667 39.1536
1.17361 39.2029
1.18056 39.2498
1.1875 39.2498
1.19444 39.3418
1.20139 39.3418
1.20833 39.4486
1.21528 39.5946
1.22222 39.63
1.22917 39.7264
1.23611 39.8443
1.24306 39.8469
1.25 39.9375
1.25694 39.9358
1.26389 39.9927
1.27083 40.0286
1.27778 40.1494
1.28472 40.2732
1.29167 40.4026
1.29861 40.4026
1.30556 40.5047
1.3125 40.5047
1.31944 40.5167
1.32639 40.7992
1.33333 40.9009
1.34028 40.9195
1.34722 41.0533
1.35417 41.1097
1.36111 41.1169
1.36806 41.1125
1.375 41.1643
1.38194 41.1752
1.38889 41.1748
1.39583 41.2341
1.40278 41.2429
1.40972 41.3286
1.41667 41.3367
1.42361 41.3628
1.43056 41.4007
1.4375 41.4234
1.44444 41.4428
1.45139 41.4396
1.45833 41.4988
1.46528 41.4916
1.47222 41.5472
1.47917 41.5467
1.48611 41.6229
1.49306 41.719
1.5 41.8143
1.50694 41.9095
1.51389 42.005
1.52083 42.1074
1.52778 42.1802
1.53472 42.1802
1.54167 42.2754
1.54861 42.3288
1.55556 42.3364
1.5625 42.4237
1.56944 42.5285
1.57639 42.6353
1.58333 42.7374
1.59028 42.8427
1.59722 42.953
1.60417 43.0401
1.61111 43.0401
1.61806 43.1016
1.625 43.2099
1.63194 43.3196
1.63889 43.4364
1.64583 43.548
1.65278 43.6451
1.65972 43.7023
1.66667 43.7095
1.67361 43.7728
1.68056 43.7668
1.6875 43.8615
1.69444 43.8615
1.70139 43.9031
1.70833 44.035
1.71528 44.035
1.72222 44.1043
1.72917 44.1681
1.73611 44.1652
1.74306 44.2342
1.75 44.2342
1.75694 44.2911
1.76389 44.4114
1.77083 44.5
1.77778 44.496
1.78472 44.5617
1.79167 44.564
1.79861 44.6307
1.80556 44.6307
1.8125 44.636
1.81944 44.6372
1.82639 44.6432
1.83333 44.6411
1.84028 44.6411
1.84722 44.6489
1.85417 44.6489
1.86111 44.6575
1.86806 44.6567
1.875 44.6714
1.88194 44.6714
1.88889 44.681
1.89583 44.681
1.90278 44.6916
1.90972 44.6916
1.91667 44.7035
1.92361 44.6986
1.93056 44.7069
1.9375 44.7214
1.94444 44.7214
1.95139 44.7245
1.95833 44.7239
1.96528 44.7473
1.97222 44.7473
1.97917 44.7554
1.98611 44.7555
1.99306 44.7581
2 44.7702
2.00694 44.8173
2.01389 44.8173
2.02083 44.8206
2.02778 44.8206
2.03472 44.8239
2.04167 44.8224
2.04861 44.8373
2.05556 44.8373
2.0625 44.8422
2.06944 44.8422
2.07639 44.857
2.08333 44.857
2.09028 44.9063
2.09722 44.9063
2.10417 44.9116
2.11111 44.9116
2.11806 44.9237
2.125 44.9328
2.13194 44.9339
2.13889 44.9339
2.14583 44.9428
2.15278 44.9428
2.15972 44.9529
2.16667 44.9529
2.17361 44.9715
2.18056 44.9715
2.1875 44.9735
2.19444 44.9724
2.20139 44.9905
2.20833 44.9934
2.21528 45.0008
2.22222 44.9957
2.22917 45.0346
2.23611 45.0346
2.24306 45.0425
2.25 45.0425
2.25694 45.0466
2.26389 45.0544
2.27083 45.056
2.27778 45.0652
2.28472 45.0648
2.29167 45.0802
2.29861 45.0802
2.30556 45.0905
2.3125 45.0905
2.31944 45.0932
2.32639 45.0932
2.33333 45.1018
2.34028 45.1018
2.34722 45.1049
2.35417 45.1049
2.36111 45.1057
2.36806 45.1084
2.375 45.1084
2.38194 45.1111
2.38889 45.1544
2.39583 45.1544
2.40278 45.1692
2.40972 45.2031
2.41667 45.2031
2.42361 45.2134
2.43056 45.2134
2.4375 45.2169
2.44444 45.2191
2.45139 45.2191
2.45833 45.2353
2.46528 45.2353
2.47222 45.2411
2.47917 45.2411
2.48611 45.2475
2.49306 45.2641
2.5 45.2605
2.50694 45.2671
2.51389 45.2927
2.52083 45.3237
2.52778 45.3237
2.53472 45.3271
2.54167 45.3271
2.54861 45.3303
2.55556 45.3291
2.5625 45.3779
2.56944 45.3941
2.57639 45.3905
2.58333 45.414
2.59028 45.4079
2.59722 45.4473
2.60417 45.4473
2.61111 45.4751
2.61806 45.4751
2.625 45.4992
2.63194 45.5105
2.63889 45.5105
2.64583 45.5158
2.65278 45.5124
2.65972 45.5498
2.66667 45.5498
2.67361 45.5905
2.68056 45.6539
2.6875 45.6698
2.69444 45.672
2.70139 45.672
2.70833 45.6836
2.71528 45.6836
2.72222 45.6879
2.72917 45.6879
2.73611 45.6922
2.74306 45.6922
2.75 45.6965
2.75694 45.6965
2.76389 45.7083
2.77083 45.7721
2.77778 45.8034
2.78472 45.8023
2.79167 45.8282
2.79861 45.8282
2.80556 45.8527
2.8125 45.9107
2.81944 45.9625
2.82639 46.0256
2.83333 46.0886
2.84028 46.0886
2.84722 46.095
2.85417 46.095
2.86111 46.0977
2.86806 46.1135
2.875 46.1102
2.88194 46.1304
2.88889 46.1291
2.89583 46.1812
2.90278 46.1999
2.90972 46.1999
2.91667 46.2291
2.92361 46.2449
2.93056 46.2409
2.9375 46.2495
2.94444 46.2514
2.95139 46.3022
2.95833 46.3151
2.96528 46.3139
2.97222 46.3255
2.97917 46.3216
2.98611 46.347
2.99306 46.3644
3 46.3648
3.00694 46.383
3.01389 46.383
3.02083 46.4239
3.02778 46.4239
3.03472 46.4339
3.04167 46.4648
3.04861 46.4648
3.05556 46.506
3.0625 46.5725
3.06944 46.6361
3.07639 46.6828
3.08333 46.6828
3.09028 46.6892
3.09722 46.6892
3.10417 46.7105
3.11111 46.742
3.11806 46.742
3.125 46.7609
3.13194 46.7609
3.13889 46.7649
3.14583 46.7982
3.15278 46.7968
3.15972 46.8415
3.16667 46.9096
3.17361 46.9096
3.18056 46.9095
3.1875 46.9095
3.19444 46.9165
3.20139 46.9522
3.20833 46.9522
3.21528 46.9625
3.22222 46.9625
3.22917 46.9671
3.23611 46.9671
3.24306 47.0092
3.25 47.0092
3.25694 47.0209
3.26389 47.0525
3.27083 47.0465
3.27778 47.1148
3.28472 47.1148
3.29167 47.1191
3.29861 47.1191
3.30556 47.1222
3.3125 47.1222
3.31944 47.1267
3.32639 47.1267
3.33333 47.1414
3.34028 47.1892
3.34722 47.2226
3.35417 47.2226
3.36111 47.2244
3.36806 47.2244
3.375 47.2489
3.38194 47.3146
3.38889 47.369
3.39583 47.369
3.40278 47.3696
3.40972 47.3696
3.41667 47.3799
3.42361 47.3969
3.43056 47.418
3.4375 47.4262
3.44444 47.4257
3.45139 47.4491
3.45833 47.4491
3.46528 47.4782
3.47222 47.4954
3.47917 47.496
3.48611 47.518
3.49306 47.518
3.5 47.5606
3.50694 47.5606
3.51389 47.5691
3.52083 47.5768
3.52778 47.577
3.53472 47.6276
3.54167 47.6819
3.54861 47.6934
3.55556 47.692
3.5625 47.7117
3.56944 47.7117
3.57639 47.7227
3.58333 47.723
3.59028 47.7512
3.59722 47.7512
3.60417 47.7689
3.61111 47.7689
3.61806 47.7807
3.625 47.7807
3.63194 47.7769
3.63889 47.7769
3.64583 47.7789
3.65278 47.7789
3.65972 47.7818
3.66667 47.7818
3.67361 47.7836
3.68056 47.815
3.6875 47.815
3.69444 47.8288
3.70139 47.8288
3.70833 47.8327
3.71528 47.8525
3.72222 47.8525
3.72917 47.8758
3.73611 47.8758
3.74306 47.8781
3.75 47.8781
3.75694 47.8865
3.76389 47.8865
3.77083 47.8979
3.77778 47.8979
3.78472 47.932
3.79167 47.9422
3.79861 47.9545
3.80556 47.9545
3.8125 47.9644
3.81944 47.9819
3.82639 47.9918
3.83333 47.9886
3.84028 47.9922
3.84722 47.9925
3.85417 48.0071
3.86111 48.0071
3.86806 48.012
3.875 48.012
3.88194 48.0166
3.88889 48.0166
3.89583 48.0294
3.90278 48.0421
3.90972 48.0506
3.91667 48.0506
3.92361 48.0604
3.93056 48.0604
3.9375 48.082
3.94444 48.082
3.95139 48.0854
3.95833 48.0854
3.96528 48.1078
3.97222 48.1078
3.97917 48.1227
3.98611 48.1227
3.99306 48.1282
4 48.1565
4.00694 48.1565
4.01389 48.163
4.02083 48.163
4.02778 48.1648
4.03472 48.1648
4.04167 48.175
4.04861 48.2112
4.05556 48.2112
4.0625 48.2144
4.06944 48.2144
4.07639 48.2259
4.08333 48.2361
4.09028 48.2331
4.09722 48.2365
4.10417 48.2337
4.11111 48.2504
4.11806 48.2504
4.125 48.2513
4.13194 48.2513
4.13889 48.2547
4.14583 48.2547
4.15278 48.2779
4.15972 48.3071
4.16667 48.3423
4.17361 48.3423
4.18056 48.3507
4.1875 48.3507
4.19444 48.3583
4.20139 48.3888
4.20833 48.3888
4.21528 48.4005
4.22222 48.4472
4.22917 48.4723
4.23611 48.4723
4.24306 48.4906
4.25 48.5375
4.25694 48.5492
4.26389 48.5543
4.27083 48.5776
4.27778 48.5761
4.28472 48.6002
4.29167 48.6118
4.29861 48.607
4.30556 48.6306
4.3125 48.6306
4.31944 48.638
4.32639 48.638
4.33333 48.6465
4.34028 48.652
4.34722 48.652
4.35417 48.6682
4.36111 48.6682
4.36806 48.6757
4.375 48.699
4.38194 48.699
4.38889 48.715
4.39583 48.715
4.40278 48.7229
4.40972 48.7595
4.41667 48.7595
4.42361 48.769
4.43056 48.769
4.4375 48.7697
4.44444 48.7697
4.45139 48.7703
4.45833 48.802
4.46528 48.8277
4.47222 48.8277
4.47917 48.8357
4.48611 48.8357
4.49306 48.8416
4.5 48.8743
4.50694 48.8743
4.51389 48.8866
4.52083 48.9058
4.52778 48.9058
4.53472 48.9121
4.54167 48.9121
4.54861 48.9276
4.55556 48.9276
4.5625 48.9285
4.56944 48.9399
4.57639 48.9348
4.58333 48.9619
4.59028 49.0064
4.59722 49.0481
4.60417 49.0821
4.61111 49.0821
4.61806 49.0879
4.625 49.099
4.63194 49.0978
4.63889 49.1293
4.64583 49.1405
4.65278 49.1403
4.65972 49.1512
4.66667 49.1512
4.67361 49.1594
4.68056 49.1594
4.6875 49.1674
4.69444 49.1674
4.70139 49.169
4.70833 49.18
4.71528 49.1773
4.72222 49.2142
4.72917 49.2591
4.73611 49.2701
4.74306 49.269
4.75 49.2888
4.75694 49.2961
4.76389 49.3284
4.77083 49.3284
4.77778 49.3373
4.78472 49.3373
4.79167 49.3372
4.79861 49.3455
4.80556 49.3604
4.8125 49.3995
4.81944 49.4434
4.82639 49.4434
4.83333 49.4457
4.84028 49.4517
4.84722 49.4517
4.85417 49.4592
4.86111 49.4592
4.86806 49.4831
4.875 49.4831
4.88194 49.4911
4.88889 49.5154
4.89583 49.5154
4.90278 49.5269
4.90972 49.5269
4.91667 49.5285
4.92361 49.5285
4.93056 49.5405
4.9375 49.5405
4.94444 49.5613
4.95139 49.5722
4.95833 49.5804
4.96528 49.5995
4.97222 49.5995
4.97917 49.6148
4.98611 49.6176
4.99306 49.6177
5 49.6191
5.00694 49.6191
5.01389 49.6374
5.02083 49.6374
5.02778 49.6522
5.03472 49.6631
5.04167 49.6598
5.04861 49.6701
5.05556 49.6701
5.0625 49.6863
5.06944 49.6863
5.07639 49.6935
5.08333 49.7046
5.09028 49.7046
5.09722 49.7095
5.10417 49.7068
5.11111 49.7522
5.11806 49.7632
5.125 49.7717
5.13194 49.7819
5.13889 49.7804
5.14583 49.7834
5.15278 49.7824
5.15972 49.7954
5.16667 49.7954
5.17361 49.8148
5.18056 49.8245
5.1875 49.8217
5.19444 49.8666
5.20139 49.9116
5.20833 49.9445
5.21528 49.9445
5.22222 49.9529
5.22917 49.9529
5.23611 49.9536
5.24306 49.9536
5.25 49.9736
5.25694 50.0072
5.26389 50.0072
5.27083 50.014
5.27778 50.0248
5.28472 50.0213
5.29167 50.0483
5.29861 50.0483
5.30556 50.0629
5.3125 50.0629
5.31944 50.0598
5.32639 50.0955
5.33333 50.0955
5.34028 50.1071
5.34722 50.1497
5.35417 50.1497
5.36111 50.1544
5.36806 50.187
5.375 50.187
5.38194 50.2069
5.38889 50.2494
5.39583 50.2846
5.40278 50.2846
5.40972 50.2925
5.41667 50.2925
5.42361 50.3056
5.43056 50.3436
5.4375 50.3436
5.44444 50.3428
5.45139 50.3888
5.45833 50.4332
5.46528 50.465
5.47222 50.465
5.47917 50.4769
5.48611 50.5239
5.49306 50.5239
5.5 50.5489
5.50694 50.5489
5.51389 50.545
5.52083 50.545
5.52778 50.5495
5.53472 50.561
5.54167 50.561
5.54861 50.5914
5.55556 50.6034
5.5625 50.5978
5.56944 50.6441
5.57639 50.6756
5.58333 50.6756
5.59028 50.6813
5.59722 50.715
5.60417 50.715
5.61111 50.7339
5.61806 50.7576
5.625 50.7589
5.63194 50.8161
5.63889 50.8646
5.64583 50.9119
5.65278 50.9598
5.65972 51.012
5.66667 51.0612
5.67361 51.0861
5.68056 51.0861
5.6875 51.0987
5.69444 51.0987
5.70139 51.1297
5.70833 51.1752
5.71528 51.1864
5.72222 51.1824
5.72917 51.2106
5.73611 51.259
5.74306 51.259
5.75 51.264
5.75694 51.2691
5.76389 51.2691
5.77083 51.2997
5.77778 51.2997
5.78472 51.3191
5.79167 51.368
5.79861 51.4149
5.80556 51.4664
5.8125 51.4789
5.81944 51.4789
5.82639 51.5081
5.83333 51.548
5.84028 51.548
5.84722 51.5606
5.85417 51.611
5.86111 51.6603
5.86806 51.7093
5.875 51.7217
5.88194 51.719
5.88889 51.7208
5.89583 51.7208
5.90278 51.7546
5.90972 51.8074
5.91667 51.8546
5.92361 51.8931
5.93056 51.8931
5.9375 51.9064
5.94444 51.9064
5.95139 51.899
5.95833 51.9281
5.96528 51.9281
5.97222 51.9497
5.97917 51.9497
5.98611 51.9481
5.99306 51.9908
6 51.9908
6.00694 52.0206
6.01389 52.0482
6.02083 52.0482
6.02778 52.0553
6.03472 52.0553
6.04167 52.0539
6.04861 52.1168
6.05556 52.1315
6.0625 52.1285
6.06944 52.1645
6.07639 52.1645
6.08333 52.163
6.09028 52.1916
6.09722 52.1916
6.10417 52.2021
6.11111 52.2131
6.11806 52.2131
6.125 52.2374
6.13194 52.249
6.13889 52.2556
6.14583 52.2663
6.15278 52.2749
6.15972 52.3088
6.16667 52.3088
6.17361 52.3225
6.18056 52.3225
6.1875 52.3179
6.19444 52.3719
6.20139 52.3979
6.20833 52.3979
6.21528 52.4149
6.22222 52.4367
6.22917 52.4367
6.23611 52.4657
6.24306 52.5108
6.25 52.5559
6.25694 52.5963
6.26389 52.622
6.27083 52.6543
6.27778 52.6847
6.28472 52.6847
6.29167 52.6964
6.29861 52.6964
6.30556 52.7375
6.3125 52.7792
6.31944 52.7792
6.32639 52.7778
6.33333 52.7981
6.34028 52.7981
6.34722 52.8004
6.35417 52.8105
6.36111 52.8081
6.36806 52.8195
6.375 52.8195
6.38194 52.8299
6.38889 52.8511
6.39583 52.8511
6.40278 52.8675
6.40972 52.9068
6.41667 52.9434
6.42361 52.9783
6.43056 52.988
6.4375 52.981
6.44444 53.0363
6.45139 53.0472
6.45833 53.0472
6.46528 53.0711
6.47222 53.0711
6.47917 53.0782
6.48611 53.0782
6.49306 53.0824
6.5 53.0859
6.50694 53.0827
6.51389 53.1032
6.52083 53.143
6.52778 53.1893
6.53472 53.1893
6.54167 53.2131
6.54861 53.2538
6.55556 53.296
6.5625 53.3065
6.56944 53.3065
6.57639 53.3352
6.58333 53.3762
6.59028 53.4195
6.59722 53.4618
6.60417 53.4618
6.61111 53.4597
6.61806 53.5056
6.625 53.5472
6.63194 53.5826
6.63889 53.5933
6.64583 53.5933
6.65278 53.5979
6.65972 53.5979
6.66667 53.6449
6.67361 53.6767
6.68056 53.6767
6.6875 53.7412
6.69444 53.7821
6.70139 53.8253
6.70833 53.8253
6.71528 53.8437
6.72222 53.8437
6.72917 53.8525
6.73611 53.8957
6.74306 53.8957
6.75 53.8937
6.75694 53.9372
6.76389 53.9803
6.77083 54.0224
6.77778 54.0648
6.78472 54.1085
6.79167 54.1519
6.79861 54.1956
6.80556 54.2284
6.8125 54.2284
6.81944 54.2454
6.82639 54.2838
6.83333 54.3059
6.84028 54.3089
6.84722 54.348
6.85417 54.3922
6.86111 54.4357
6.86806 54.4801
6.875 54.5175
6.88194 54.5622
6.88889 54.6069
6.89583 54.6069
6.90278 54.6005
6.90972 54.6545
6.91667 54.7002
6.92361 54.7457
6.93056 54.7683
6.9375 54.7683
6.94444 54.7992
6.95139 54.8448
6.95833 54.891
6.96528 54.9372
6.97222 54.9839
6.97917 55.0311
6.98611 55.0547
6.99306 55.0547
7 55.0983
7.00694 55.1466
7.01389 55.1945
7.02083 55.2425
7.02778 55.2792
7.03472 55.2792
7.04167 55.3162
7.04861 55.3283
7.05556 55.3283
7.0625 55.3496
7.06944 55.397
7.07639 55.4458
7.08333 55.4946
7.09028 55.5435
7.09722 55.5934
7.10417 55.5934
7.11111 55.6357
7.11806 55.6921
7.125 55.7045
7.13194 55.7045
7.13889 55.7193
7.14583 55.7193
7.15278 55.7525
7.15972 55.8018
7.16667 55.8141
7.17361 55.8141
7.18056 55.8351
7.1875 55.8845
7.19444 55.9336
7.20139 55.9881
7.20833 56.0372
7.21528 56.0372
7.22222 56.0357
7.22917 56.0859
7.23611 56.1347
7.24306 56.1819
7.25 56.2304
7.25694 56.2802
7.26389 56.3309
7.27083 56.3792
7.27778 56.4287
7.28472 56.477
7.29167 56.5265
7.29861 56.5749
7.30556 56.6271
7.3125 56.6782
7.31944 56.7308
7.32639 56.7834
7.33333 56.8332
7.34028 56.8865
7.34722 56.9133
7.35417 56.9133
7.36111 56.976
7.36806 57.0278
7.375 57.0805
7.38194 57.1292
7.38889 57.1736
7.39583 57.2259
7.40278 57.2792
7.40972 57.3341
7.41667 57.3883
7.42361 57.4441
7.43056 57.5012
7.4375 57.5565
7.44444 57.5706
7.45139 57.5706
7.45833 57.6091
7.46528 57.6503
7.47222 57.6503
7.47917 57.6618
7.48611 57.6771
7.49306 57.6771
7.5 57.7315
7.50694 57.7795
7.51389 57.8375
7.52083 57.8931
7.52778 57.9492
7.53472 58.0036
7.54167 58.0437
7.54861 58.0437
7.55556 58.0474
7.5625 58.0955
7.56944 58.1521
7.57639 58.2068
7.58333 58.2508
7.59028 58.2508
7.59722 58.3026
7.60417 58.3512
7.61111 58.3686
7.61806 58.3686
7.625 58.4167
7.63194 58.4727
7.63889 58.4873
7.64583 58.4824
7.65278 58.5469
7.65972 58.6066
7.66667 58.6501
7.67361 58.6501
7.68056 58.6811
7.6875 58.7481
7.69444 58.8034
7.70139 58.8503
7.70833 58.9081
7.71528 58.9626
7.72222 58.9743
7.72917 58.9743
7.73611 58.9957
7.74306 59.0221
7.75 59.0221
7.75694 59.1048
7.76389 59.1521
7.77083 59.1966
7.77778 59.241
7.78472 59.2852
7.79167 59.3289
7.79861 59.3726
7.80556 59.4164
7.8125 59.46
7.81944 59.5039
7.82639 59.548
7.83333 59.5923
7.84028 59.6369
7.84722 59.6816
7.85417 59.7266
7.86111 59.7718
7.86806 59.817
7.875 59.8622
7.88194 59.9078
7.88889 59.9534
7.89583 59.9993
7.90278 60.0454
7.90972 60.0919
7.91667 60.1385
7.92361 60.1855
7.93056 60.2328
7.9375 60.2803
7.94444 60.3282
7.95139 60.3765
7.95833 60.425
7.96528 60.4739
7.97222 60.523
7.97917 60.5726
7.98611 60.6224
7.99306 60.6726
8 60.723
8.00694 60.7736
8.01389 60.8245
8.02083 60.8762
8.02778 60.9278
8.03472 60.9796
8.04167 61.0316
8.04861 61.0843
8.05556 61.132
8.0625 61.1851
8.06944 61.2386
8.07639 61.2948
8.08333 61.3493
8.09028 61.4045
8.09722 61.4598
8.10417 61.5153
8.11111 61.5714
8.11806 61.6276
8.125 61.6843
8.13194 61.7413
8.13889 61.7987
8.14583 61.8562
8.15278 61.9143
8.15972 61.9727
8.16667 62.0315
8.17361 62.0909
8.18056 62.1563
8.1875 62.2164
8.19444 62.2768
8.20139 62.3375
8.20833 62.3982
8.21528 62.4593
8.22222 62.52
8.22917 62.5801
8.23611 62.6392
8.24306 62.6987
8.25 62.7561
8.25694 62.8133
8.26389 62.8707
8.27083 62.929
8.27778 62.987
8.28472 63.0456
8.29167 63.1047
8.29861 63.1622
8.30556 63.2185
8.3125 63.277
8.31944 63.3367
8.32639 63.3969
8.33333 63.4569
8.34028 63.5171
8.34722 63.5794
8.35417 63.64
8.36111 63.6991
8.36806 63.759
8.375 63.8198
8.38194 63.8795
8.38889 63.9411
8.39583 64.0028
8.40278 64.0642
8.40972 64.1272
8.41667 64.1888
8.42361 64.2511
8.43056 64.3162
8.4375 64.3789
8.44444 64.4422
8.45139 64.504
8.45833 64.5676
8.46528 64.6275
8.47222 64.6813
8.47917 64.7308
8.48611 64.7804
8.49306 64.8286
8.5 64.8787
8.50694 64.935
8.51389 64.976
8.52083 65.0181
8.52778 65.0591
8.53472 65.0998
8.54167 65.1404
8.54861 65.1811
8.55556 65.2219
8.5625 65.2628
8.56944 65.3038
8.57639 65.3452
8.58333 65.3865
8.59028 65.4279
8.59722 65.4697
8.60417 65.5114
8.61111 65.5533
8.61806 65.5951
8.625 65.6369
8.63194 65.679
8.63889 65.7214
8.64583 65.7641
8.65278 65.8072
8.65972 65.8505
8.66667 65.8938
8.67361 65.9374
8.68056 65.9813
8.6875 66.0255
8.69444 66.0699
8.70139 66.1146
8.70833 66.1597
8.71528 66.2052
8.72222 66.2508
8.72917 66.297
8.73611 66.3433
8.74306 66.3902
8.75 66.4373
8.75694 66.4845
8.76389 66.5322
8.77083 66.5802
8.77778 66.6284
8.78472 66.6769
8.79167 66.7256
8.79861 66.75
8.80556 66.75
8.8125 66.7671
8.81944 66.8162
8.82639 66.8657
8.83333 66.9156
8.84028 66.9661
8.84722 67.0171
8.85417 67.0684
8.86111 67.1202
8.86806 67.1722
8.875 67.2245
8.88194 67.2769
8.88889 67.3298
8.89583 67.3831
8.90278 67.4369
8.90972 67.4911
8.91667 67.5458
8.92361 67.601
8.93056 67.6566
8.9375 67.7128
8.94444 67.7694
8.95139 67.8267
8.95833 67.884
8.96528 67.9421
8.97222 68
8.97917 68.0584
8.98611 68.1169
8.99306 68.1754
9 68.2338
9.00694 68.292
9.01389 68.3355
9.02083 68.3355
9.02778 68.3319
9.03472 68.3769
9.04167 68.4336
9.04861 68.4932
9.05556 68.5492
9.0625 68.6055
9.06944 68.6614
9.07639 68.7173
9.08333 68.7742
9.09028 68.8318
9.09722 68.8875
9.10417 68.9434
9.11111 69.0003
9.11806 69.0578
9.125 69.1152
9.13194 69.1724
9.13889 69.2287
9.14583 69.2854
9.15278 69.3432
9.15972 69.4024
9.16667 69.4603
9.17361 69.5182
9.18056 69.5771
9.1875 69.6361
9.19444 69.6957
9.20139 69.7568
9.20833 69.8157
9.21528 69.874
9.22222 69.9323
9.22917 69.9751
9.23611 69.9751
9.24306 69.9751
9.25 70.0051
9.25694 70.066
9.26389 70.1223
9.27083 70.1596
9.27778 70.2116
9.28472 70.2674
9.29167 70.2822
9.29861 70.2822
9.30556 70.2852
9.3125 70.3113
9.31944 70.3113
9.32639 70.3063
9.33333 70.3123
9.34028 70.3123
9.34722 70.3188
9.35417 70.3717
9.36111 70.4091
9.36806 70.4091
9.375 70.4089
9.38194 70.4128
9.38889 70.4128
9.39583 70.4174
9.40278 70.4174
9.40972 70.4174
9.41667 70.4199
9.42361 70.4199
9.43056 70.4266
9.4375 70.459
9.44444 70.459
9.45139 70.459
9.45833 70.4576
9.46528 70.4576
9.47222 70.4597
9.47917 70.4897
9.48611 70.5294
9.49306 70.558
9.5 70.558
9.50694 70.5554
9.51389 70.5923
9.52083 70.6113
9.52778 70.6113
9.53472 70.6144
9.54167 70.6523
9.54861 70.69
9.55556 70.7277
9.5625 70.7658
9.56944 70.8047
9.57639 70.8431
9.58333 70.8814
9.59028 70.9203
9.59722 70.9591
9.60417 70.9591
9.61111 70.9591
9.61806 70.9664
9.625 71.0053
9.63194 71.0248
9.63889 71.0248
9.64583 71.0256
9.65278 71.0648
9.65972 71.1045
9.66667 71.1441
9.67361 71.1738
9.68056 71.1738
9.6875 71.1689
9.69444 71.2049
9.70139 71.2447
9.70833 71.2847
9.71528 71.3251
9.72222 71.3659
9.72917 71.4069
9.73611 71.448
9.74306 71.4895
9.75 71.5311
9.75694 71.5732
9.76389 71.6154
9.77083 71.6579
9.77778 71.7006
9.78472 71.7113
9.79167 71.7113
9.79861 71.7231
9.80556 71.7661
9.8125 71.8094
9.81944 71.8529
9.82639 71.8967
9.83333 71.9406
9.84028 71.9848
9.84722 72.0293
9.85417 72.0741
9.86111 72.1193
9.86806 72.1647
9.875 72.2105
9.88194 72.245
9.88889 72.245
9.89583 72.245
9.90278 72.2683
9.90972 72.3148
9.91667 72.3617
9.92361 72.4092
9.93056 72.4567
9.9375 72.5047
9.94444 72.5528
9.95139 72.6013
9.95833 72.6502
9.96528 72.6994
9.97222 72.7489
9.97917 72.7989
9.98611 72.8494
9.99306 72.9004
10 72.9517
10.0069 73.0035
10.0139 73.0555
10.0208 73.1079
10.0278 73.1602
10.0347 73.1602
10.0417 73.1602
10.0486 73.192
10.0556 73.2447
10.0625 73.2845
10.0694 73.2845
10.0764 73.2845
10.0833 73.3343
10.0903 73.3878
10.0972 73.4412
10.1042 73.495
10.1111 73.5468
10.1181 73.6008
10.125 73.6526
10.1319 73.6526
10.1389 73.6526
10.1458 73.6662
10.1528 73.7174
10.1597 73.7424
10.1667 73.7424
10.1736 73.74
10.1806 73.7429
10.1875 73.7429
10.1944 73.7414
10.2014 73.7857
10.2083 73.8359
10.2153 73.8359
10.2222 73.8359
10.2292 73.8449
10.2361 73.8449
10.2431 73.8449
10.25 73.8464
10.2569 73.8464
10.2639 73.8464
10.2708 73.8644
10.2778 73.8896
10.2847 73.8896
10.2917 73.8881
10.2986 73.9188
10.3056 73.9188
10.3125 73.9188
10.3194 73.9355
10.3264 73.9597
10.3333 73.9597
10.3403 73.957
10.3472 73.9909
10.3542 74.0373
10.3611 74.085
10.3681 74.1329
10.375 74.1729
10.3819 74.1788
10.3889 74.1788
10.3958 74.183
10.4028 74.2259
10.4097 74.273
10.4167 74.273
10.4236 74.273
10.4306 74.2825
10.4375 74.3178
10.4444 74.3178
10.4514 74.3178
10.4583 74.3202
10.4653 74.3202
10.4722 74.3202
10.4792 74.3428
10.4861 74.3545
10.4931 74.3545
10.5 74.3556
10.5069 74.3977
10.5139 74.4437
10.5208 74.4908
10.5278 74.5383
10.5347 74.5383
10.5417 74.5383
10.5486 74.5518
10.5556 74.5836
10.5625 74.6269
10.5694 74.6649
10.5764 74.7115
10.5833 74.7579
10.5903 74.8035
10.5972 74.8385
10.6042 74.8385
10.6111 74.8385
10.6181 74.8592
10.625 74.9061
10.6319 74.93
10.6389 74.93
10.6458 74.93
10.6528 74.956
10.6597 74.9796
10.6667 74.9796
10.6736 74.9796
10.6806 75.0074
10.6875 75.0419
10.6944 75.0419
10.7014 75.0419
10.7083 75.0766
10.7153 75.0766
10.7222 75.0766
10.7292 75.083
10.7361 75.1293
10.7431 75.1653
10.75 75.1768
10.7569 75.1768
10.7639 75.178
10.7708 75.2007
10.7778 75.2007
10.7847 75.2007
10.7917 75.2254
10.7986 75.2722
10.8056 75.2722
10.8125 75.2722
10.8194 75.2758
10.8264 75.2758
10.8333 75.2758
10.8403 75.284
10.8472 75.3295
10.8542 75.3741
10.8611 75.4211
10.8681 75.4322
10.875 75.4322
10.8819 75.4247
10.8889 75.4528
10.8958 75.4528
10.9028 75.4528
10.9097 75.4543
10.9167 75.4988
10.9236 75.5433
10.9306 75.5889
10.9375 75.6342
10.9444 75.6342
10.9514 75.6342
10.9583 75.6365
10.9653 75.6365
10.9722 75.6365
10.9792 75.641
10.9861 75.641
10.9931 75.641
11 75.64
11.0069 75.6488
11.0139 75.6488
11.0208 75.6487
11.0278 75.659
11.0347 75.659
11.0417 75.6585
11.0486 75.6618
11.0556 75.6618
11.0625 75.6643
11.0694 75.6668
11.0764 75.6668
11.0833 75.6639
11.0903 75.6658
11.0972 75.6658
11.1042 75.6648
11.1111 75.679
11.1181 75.679
11.125 75.6789
11.1319 75.6917
11.1389 75.6917
11.1458 75.6887
11.1528 75.6915
11.1597 75.6915
11.1667 75.6862
11.1736 75.7017
11.1806 75.7017
11.1875 75.7017
11.1944 75.7083
11.2014 75.7083
11.2083 75.7083
11.2153 75.7089
11.2222 75.7261
11.2292 75.7261
11.2361 75.7264
11.2431 75.7488
11.25 75.7488
11.2569 75.7488
11.2639 75.7502
11.2708 75.7502
11.2778 75.7502
11.2847 75.7516
11.2917 75.7516
11.2986 75.7516
11.3056 75.7555
11.3125 75.7832
11.3194 75.8147
11.3264 75.8147
11.3333 75.8147
11.3403 75.8135
11.3472 75.8135
11.3542 75.8135
11.3611 75.8193
11.3681 75.8193
11.375 75.8193
11.3819 75.8197
11.3889 75.85
11.3958 75.85
11.4028 75.85
11.4097 75.8474
11.4167 75.8474
11.4236 75.8474
11.4306 75.8479
11.4375 75.8715
11.4444 75.8715
11.4514 75.8715
11.4583 75.872
11.4653 75.872
11.4722 75.872
11.4792 75.8805
11.4861 75.9112
11.4931 75.9429
11.5 75.9745
11.5069 75.9745
11.5139 75.9745
11.5208 75.9783
11.5278 75.9783
11.5347 75.9783
11.5417 75.9792
11.5486 75.9792
11.5556 75.9792
11.5625 75.9911
11.5694 76.0143
11.5764 76.0143
11.5833 76.0143
11.5903 76.0287
11.5972 76.0585
11.6042 76.09
11.6111 76.1197
11.6181 76.1484
11.625 76.1735
11.6319 76.2065
11.6389 76.2382
11.6458 76.2698
11.6528 76.3015
11.6597 76.3327
11.6667 76.3639
11.6736 76.3718
11.6806 76.3718
11.6875 76.3684
11.6944 76.3946
11.7014 76.4251
11.7083 76.4569
11.7153 76.4887
11.7222 76.5207
11.7292 76.5529
11.7361 76.5849
11.7431 76.6164
11.75 76.6486
11.7569 76.6811
11.7639 76.7137
11.7708 76.7463
11.7778 76.7791
11.7847 76.8091
11.7917 76.8416
11.7986 76.8748
11.8056 76.908
11.8125 76.9414
11.8194 76.9749
11.8264 77.008
11.8333 77.0334
11.8403 77.0334
11.8472 77.0334
11.8542 77.0578
11.8611 77.0663
11.8681 77.0663
11.875 77.0679
11.8819 77.0864
11.8889 77.0864
11.8958 77.0864
11.9028 77.0938
11.9097 77.1024
11.9167 77.1024
11.9236 77.1016
11.9306 77.1297
11.9375 77.1636
11.9444 77.1983
11.9514 77.2331
11.9583 77.2674
11.9653 77.2978
11.9722 77.3368
11.9792 77.3717
11.9861 77.4065
11.9931 77.4402
12 77.4492
12.0069 77.4492
12.0139 77.4473
12.0208 77.4736
12.0278 77.5097
12.0347 77.546
12.0417 77.5825
12.0486 77.5917
12.0556 77.5917
12.0625 77.5895
12.0694 77.6157
12.0764 77.6434
12.0833 77.6434
12.0903 77.6434
12.0972 77.6474
12.1042 77.6844
12.1111 77.6844
12.1181 77.6844
12.125 77.6857
12.1319 77.7209
12.1389 77.7584
12.1458 77.796
12.1528 77.8337
12.1597 77.8337
12.1667 77.8337
12.1736 77.8393
12.1806 77.8755
12.1875 77.885
12.1944 77.885
12.2014 77.8814
12.2083 77.9095
12.2153 77.9472
12.2222 77.9792
12.2292 78.0174
12.2361 78.055
12.2431 78.0929
12.25 78.1277
12.2569 78.1755
12.2639 78.2145
12.2708 78.2566
12.2778 78.2566
12.2847 78.2566
12.2917 78.2528
12.2986 78.2922
12.3056 78.3115
12.3125 78.3115
12.3194 78.3115
12.3264 78.3218
12.3333 78.3218
12.3403 78.3218
12.3472 78.3309
12.3542 78.3697
12.3611 78.405
12.3681 78.4441
12.375 78.4847
12.3819 78.5255
12.3889 78.5656
12.3958 78.6057
12.4028 78.6461
12.4097 78.6867
12.4167 78.7244
12.4236 78.7633
12.4306 78.7633
12.4375 78.7633
12.4444 78.7776
12.4514 78.8191
12.4583 78.84
12.4653 78.84
12.4722 78.84
12.4792 78.8571
12.4861 78.878
12.4931 78.878
12.5 78.878
12.5069 78.9015
12.5139 78.9225
12.5208 78.9225
12.5278 78.9225
12.5347 78.9431
12.5417 78.9536
12.5486 78.9536
12.5556 78.9513
12.5625 78.9794
12.5694 78.9898
12.5764 78.9898
12.5833 78.9899
12.5903 79.0023
12.5972 79.0023
12.6042 79.0023
12.6111 79.0069
12.6181 79.0479
12.625 79.0927
12.6319 79.103
12.6389 79.103
12.6458 79.1019
12.6528 79.1413
12.6597 79.1819
12.6667 79.2125
12.6736 79.2125
12.6806 79.2125
12.6875 79.2268
12.6944 79.2576
12.7014 79.2576
12.7083 79.2576
12.7153 79.267
12.7222 79.3062
12.7292 79.3466
12.7361 79.3466
12.7431 79.3466
12.75 79.3448
12.7569 79.3811
12.7639 79.3912
12.7708 79.3912
12.7778 79.3875
12.7847 79.388
12.7917 79.388
12.7986 79.3854
12.8056 79.4159
12.8125 79.4567
12.8194 79.4962
12.8264 79.5365
12.8333 79.5773
12.8403 79.5773
12.8472 79.5773
12.8542 79.5737
12.8611 79.6097
12.8681 79.6528
12.875 79.6528
12.8819 79.6528
12.8889 79.6493
12.8958 79.687
12.9028 79.7263
12.9097 79.7669
12.9167 79.8085
12.9236 79.8192
12.9306 79.8192
12.9375 79.8167
12.9444 79.8243
12.9514 79.8243
12.9583 79.8243
12.9653 79.8392
12.9722 79.8825
12.9792 79.9253
12.9861 79.9355
12.9931 79.9355
13 79.9332
13.0069 79.9649
13.0139 80.0083
13.0208 80.052
13.0278 80.0959
13.0347 80.1377
13.0417 80.1787
13.0486 80.2217
13.0556 80.2327
13.0625 80.2327
13.0694 80.2344
13.0764 80.2758
13.0833 80.2979
13.0903 80.2979
13.0972 80.2979
13.1042 80.3117
13.1111 80.3227
13.1181 80.3227
13.125 80.3196
13.1319 80.3582
13.1389 80.3678
13.1458 80.3678
13.1528 80.3618
13.1597 80.3993
13.1667 80.4434
13.1736 80.4646
13.1806 80.4646
13.1875 80.4646
13.1944 80.4806
13.2014 80.5117
13.2083 80.5117
13.2153 80.5117
13.2222 80.5059
13.2292 80.537
13.2361 80.537
13.2431 80.537
13.25 80.5456
13.2569 80.5851
13.2639 80.6245
13.2708 80.6245
13.2778 80.6245
13.2847 80.6231
13.2917 80.6276
13.2986 80.6276
13.3056 80.6257
13.3125 80.6492
13.3194 80.6877
13.3264 80.6877
13.3333 80.6877
13.3403 80.6889
13.3472 80.7217
13.3542 80.7304
13.3611 80.7304
13.3681 80.7241
13.375 80.7535
13.3819 80.7535
13.3889 80.7535
13.3958 80.7611
13.4028 80.7794
13.4097 80.7794
13.4167 80.7794
13.4236 80.7917
13.4306 80.7917
13.4375 80.7917
13.4444 80.7911
13.4514 80.825
13.4583 80.825
13.4653 80.825
13.4722 80.8229
13.4792 80.8229
13.4861 80.8229
13.4931 80.8224
13.5 80.8561
13.5069 80.8644
13.5139 80.8644
13.5208 80.8644
13.5278 80.883
13.5347 80.883
13.5417 80.883
13.5486 80.8795
13.5556 80.8916
13.5625 80.8916
13.5694 80.8916
13.5764 80.9214
13.5833 80.9294
13.5903 80.9294
13.5972 80.9294
13.6042 80.9483
13.6111 80.9713
13.6181 80.9801
13.625 80.9801
13.6319 80.9801
13.6389 80.9988
13.6458 81.0065
13.6528 81.0065
13.6597 81.0065
13.6667 81.0255
13.6736 81.056
13.6806 81.0647
13.6875 81.0647
13.6944 81.0647
13.7014 81.0786
13.7083 81.0934
13.7153 81.0934
13.7222 81.0934
13.7292 81.1024
13.7361 81.132
13.7431 81.1615
13.75 81.1916
13.7569 81.2206
13.7639 81.2514
13.7708 81.2812
13.7778 81.3115
13.7847 81.3422
13.7917 81.372
13.7986 81.4023
13.8056 81.432
13.8125 81.4629
13.8194 81.4937
13.8264 81.5233
13.8333 81.5542
13.8403 81.5865
13.8472 81.6165
13.8542 81.6476
13.8611 81.6785
13.8681 81.7094
13.875 81.7413
13.8819 81.7723
13.8889 81.804
13.8958 81.8357
13.9028 81.8676
13.9097 81.899
13.9167 81.9316
13.9236 81.9637
13.9306 81.9955
13.9375 82.0274
13.9444 82.0594
13.9514 82.0922
13.9583 82.0922
13.9653 82.0922
13.9722 82.0945
13.9792 82.1245
13.9861 82.1564
13.9931 82.1886
14 82.2209
14.0069 82.2544
14.0139 82.2713
14.0208 82.2713
14.0278 82.2713
14.0347 82.2804
14.0417 82.3136
14.0486 82.3476
14.0556 82.3811
14.0625 82.415
14.0694 82.449
14.0764 82.4737
14.0833 82.4737
14.0903 82.4737
14.0972 82.4733
14.1042 82.5055
14.1111 82.5396
14.1181 82.5733
14.125 82.6082
14.1319 82.6435
14.1389 82.6789
14.1458 82.7161
14.1528 82.752
14.1597 82.7874
14.1667 82.8217
14.1736 82.8307
14.1806 82.8307
14.1875 82.8307
14.1944 82.8537
14.2014 82.8894
14.2083 82.9259
14.2153 82.9621
14.2222 82.9991
14.2292 83.0364
14.2361 83.0737
14.2431 83.1111
14.25 83.1487
14.2569 83.1854
14.2639 83.2232
14.2708 83.2609
14.2778 83.2992
14.2847 83.3364
14.2917 83.3744
14.2986 83.4126
14.3056 83.451
14.3125 83.4903
14.3194 83.5291
14.3264 83.5689
14.3333 83.609
14.3403 83.6486
14.3472 83.6885
14.3542 83.7285
14.3611 83.7687
14.3681 83.8097
14.375 83.8517
14.3819 83.8932
14.3889 83.9336
14.3958 83.9746
14.4028 84.0161
14.4097 84.0579
14.4167 84.0998
14.4236 84.1403
14.4306 84.1808
14.4375 84.2215
14.4444 84.2627
14.4514 84.3035
14.4583 84.3035
14.4653 84.3035
14.4722 84.2993
14.4792 84.3302
14.4861 84.3707
14.4931 84.4112
14.5 84.4216
14.5069 84.4216
14.5139 84.4216
14.5208 84.4407
14.5278 84.4803
14.5347 84.5196
14.5417 84.5596
14.5486 84.5997
14.5556 84.6405
14.5625 84.6405
14.5694 84.6405
14.5764 84.6383
14.5833 84.6692
14.5903 84.7074
14.5972 84.7165
14.6042 84.7165
14.6111 84.7165
14.6181 84.7392
14.625 84.776
14.6319 84.814
14.6389 84.852
14.6458 84.891
14.6528 84.9276
14.6597 84.967
14.6667 84.9756
14.6736 84.9756
14.6806 84.9756
14.6875 84.9992
14.6944 85.0364
14.7014 85.0726
14.7083 85.0986
14.7153 85.0986
14.7222 85.0986
14.7292 85.0961
14.7361 85.1291
14.7431 85.1637
14.75 85.199
14.7569 85.2342
14.7639 85.2342
14.7708 85.2342
14.7778 85.2342
14.7847 85.2544
14.7917 85.289
14.7986 85.3235
14.8056 85.3566
14.8125 85.3878
14.8194 85.4213
14.8264 85.4523
14.8333 85.4844
14.8403 85.4919
14.8472 85.4919
14.8542 85.4919
14.8611 85.5065
14.8681 85.5364
14.875 85.5656
14.8819 85.5959
14.8889 85.6256
14.8958 85.6559
14.9028 85.6856
14.9097 85.7168
14.9167 85.7471
14.9236 85.7767
14.9306 85.8068
14.9375 85.8367
14.9444 85.8662
14.9514 85.8957
14.9583 85.9247
14.9653 85.9536
14.9722 85.9801
14.9792 86.0091
14.9861 86.0402
14.9931 86.0708
15 86.1009
15.0069 86.13
15.0139 86.1592
15.0208 86.1899
15.0278 86.2195
15.0347 86.2485
15.0417 86.2787
15.0486 86.309
15.0556 86.3394
15.0625 86.3697
15.0694 86.3991
15.0764 86.4288
15.0833 86.4583
15.0903 86.4873
15.0972 86.5168
15.1042 86.548
15.1111 86.5765
15.1181 86.6063
15.125 86.6357
15.1319 86.665
15.1389 86.6941
15.1458 86.7229
15.1528 86.7514
15.1597 86.7728
15.1667 86.7728
15.1736 86.7728
15.1806 86.7726
15.1875 86.7929
15.1944 86.8211
15.2014 86.8485
15.2083 86.8756
15.2153 86.9028
15.2222 86.9288
15.2292 86.9537
15.2361 86.9782
15.2431 87.0023
15.25 87.0262
15.2569 87.0497
15.2639 87.0725
15.2708 87.0957
15.2778 87.1178
15.2847 87.1403
15.2917 87.1628
15.2986 87.1853
15.3056 87.2077
15.3125 87.2302
15.3194 87.2525
15.3264 87.2748
15.3333 87.2969
15.3403 87.3189
15.3472 87.3411
15.3542 87.3632
15.3611 87.3855
15.3681 87.4076
15.375 87.4299
15.3819 87.4518
15.3889 87.4737
15.3958 87.4956
15.4028 87.5177
15.4097 87.5399
15.4167 87.5618
15.4236 87.5836
15.4306 87.6054
15.4375 87.6272
15.4444 87.6489
15.4514 87.671
15.4583 87.6927
15.4653 87.7144
15.4722 87.7366
15.4792 87.7584
15.4861 87.7802
15.4931 87.803
15.5 87.8247
15.5069 87.8468
15.5139 87.8686
15.5208 87.8903
15.5278 87.9124
15.5347 87.9341
15.5417 87.9562
15.5486 87.9782
15.5556 88.0003
15.5625 88.0223
15.5694 88.044
15.5764 88.0664
15.5833 88.0881
15.5903 88.1102
15.5972 88.1322
15.6042 88.1542
15.6111 88.1767
15.6181 88.1991
15.625 88.2212
15.6319 88.2436
15.6389 88.2653
15.6458 88.2878
15.6528 88.3099
15.6597 88.3323
15.6667 88.3542
15.6736 88.3767
15.6806 88.3989
15.6875 88.4213
15.6944 88.4431
15.7014 88.4651
15.7083 88.4873
15.7153 88.5087
15.7222 88.5306
15.7292 88.5521
15.7361 88.5735
15.7431 88.5951
15.75 88.6171
15.7569 88.6393
15.7639 88.6615
15.7708 88.6827
15.7778 88.7037
15.7847 88.7251
15.7917 88.7461
15.7986 88.768
15.8056 88.7896
15.8125 88.8109
15.8194 88.8324
15.8264 88.8537
15.8333 88.8742
15.8403 88.8954
15.8472 88.9162
15.8542 88.9362
15.8611 88.9567
15.8681 88.9768
15.875 88.9971
15.8819 89.0171
15.8889 89.0371
15.8958 89.0568
15.9028 89.0762
15.9097 89.0943
15.9167 89.1122
15.9236 89.1294
15.9306 89.1466
15.9375 89.1634
15.9444 89.1802
15.9514 89.1965
15.9583 89.2121
15.9653 89.2282
15.9722 89.2437
15.9792 89.2594
15.9861 89.2748
15.9931 89.2905
16 89.3056
16.0069 89.3213
16.0139 89.3365
16.0208 89.3522
16.0278 89.3678
16.0347 89.3831
16.0417 89.3984
16.0486 89.414
16.0556 89.4294
16.0625 89.4444
16.0694 89.4594
16.0764 89.4744
16.0833 89.4894
16.0903 89.5043
16.0972 89.519
16.1042 89.534
16.1111 89.5492
16.1181 89.564
16.125 89.5791
16.1319 89.5939
16.1389 89.6091
16.1458 89.6241
16.1528 89.6391
16.1597 89.6541
16.1667 89.6691
16.1736 89.6843
16.1806 89.6991
16.1875 89.7138
16.1944 89.7286
16.2014 89.7433
16.2083 89.7585
16.2153 89.7735
16.2222 89.789
16.2292 89.8042
16.2361 89.819
16.2431 89.8342
16.25 89.8492
16.2569 89.864
16.2639 89.8792
16.2708 89.894
16.2778 89.9093
16.2847 89.9243
16.2917 89.9398
16.2986 89.955
16.3056 89.9697
16.3125 89.9852
16.3194 90.0004
16.3264 90.0158
16.3333 90.0312
16.3403 90.0464
16.3472 90.0613
16.3542 90.0761
16.3611 90.0912
16.3681 90.1064
16.375 90.1216
16.3819 90.1368
16.3889 90.1522
16.3958 90.1672
16.4028 90.1825
16.4097 90.1978
16.4167 90.213
16.4236 90.2282
16.4306 90.2433
16.4375 90.2586
16.4444 90.2736
16.4514 90.2884
16.4583 90.3032
16.4653 90.3185
16.4722 90.3333
16.4792 90.3479
16.4861 90.3629
16.4931 90.3781
16.5 90.3931
16.5069 90.408
16.5139 90.4232
16.5208 90.4381
16.5278 90.4531
16.5347 90.4682
16.5417 90.483
16.5486 90.4978
16.5556 90.5126
16.5625 90.5272
16.5694 90.5421
16.5764 90.5569
16.5833 90.5717
16.5903 90.5863
16.5972 90.6005
16.6042 90.6147
16.6111 90.6289
16.6181 90.6429
16.625 90.6564
16.6319 90.67
16.6389 90.6835
16.6458 90.6964
16.6528 90.7092
16.6597 90.7218
16.6667 90.7342
16.6736 90.7465
16.6806 90.7583
16.6875 90.7699
16.6944 90.7813
16.7014 90.7923
16.7083 90.8031
16.7153 90.8137
16.7222 90.8241
16.7292 90.8341
16.7361 90.8435
16.7431 90.8524
16.75 90.8607
16.7569 90.8688
16.7639 90.8767
16.7708 90.8846
16.7778 90.8923
16.7847 90.9
16.7917 90.9075
16.7986 90.915
16.8056 90.9224
16.8125 90.9297
16.8194 90.937
16.8264 90.9443
16.8333 90.9515
16.8403 90.9586
16.8472 90.9656
16.8542 90.9726
16.8611 90.9796
16.8681 90.9866
16.875 90.9935
16.8819 91.0004
16.8889 91.0073
16.8958 91.0141
16.9028 91.0208
16.9097 91.0275
16.9167 91.0342
16.9236 91.0408
16.9306 91.0475
16.9375 91.054
16.9444 91.0606
16.9514 91.067
16.9583 91.0735
16.9653 91.0797
16.9722 91.0859
16.9792 91.0919
16.9861 91.0978
16.9931 91.1036
17 91.1087
